0 0
0.001 0.0029955
0.002 0.00598199
0.003 0.00895946
0.004 0.0119279
0.005 0.0148873
0.006 0.0178377
0.007 0.020779
0.008 0.0237113
0.009 0.0266345
0.01 0.0295487
0.011 0.0324537
0.012 0.0353497
0.013 0.0382366
0.014 0.0411143
0.015 0.043983
0.016 0.0468426
0.017 0.049693
0.018 0.0525343
0.019 0.0553664
0.02 0.0581894
0.021 0.0610032
0.022 0.0638079
0.023 0.0666034
0.024 0.0693897
0.025 0.0721668
0.026 0.0749347
0.027 0.0776935
0.028 0.080443
0.029 0.0831833
0.03 0.0859144
0.031 0.0886362
0.032 0.0913488
0.033 0.0940522
0.034 0.0967463
0.035 0.0994311
0.036 0.102107
0.037 0.104773
0.038 0.10743
0.039 0.110078
0.04 0.112716
0.041 0.115345
0.042 0.117965
0.043 0.120576
0.044 0.123177
0.045 0.125769
0.046 0.128351
0.047 0.130924
0.048 0.133488
0.049 0.136043
0.05 0.138588
0.051 0.141124
0.052 0.14365
0.053 0.146167
0.054 0.148675
0.055 0.151173
0.056 0.153662
0.057 0.156141
0.058 0.158611
0.059 0.161072
0.06 0.163523
0.061 0.165965
0.062 0.168397
0.063 0.17082
0.064 0.173234
0.065 0.175638
0.066 0.178032
0.067 0.180417
0.068 0.182793
0.069 0.185159
0.07 0.187516
0.071 0.189863
0.072 0.192201
0.073 0.19453
0.074 0.196848
0.075 0.199158
0.076 0.201458
0.077 0.203748
0.078 0.206029
0.079 0.2083
0.08 0.210562
0.081 0.212815
0.082 0.215057
0.083 0.217291
0.084 0.219515
0.085 0.221729
0.086 0.223934
0.087 0.226129
0.088 0.228314
0.089 0.230491
0.09 0.232657
0.091 0.234814
0.092 0.236962
0.093 0.2391
0.094 0.241228
0.095 0.243347
0.096 0.245456
0.097 0.247556
0.098 0.249646
0.099 0.251727
0.1 0.253798
0.101 0.25586
0.102 0.257912
0.103 0.259954
0.104 0.261987
0.105 0.26401
0.106 0.266024
0.107 0.268028
0.108 0.270022
0.109 0.272007
0.11 0.273983
0.111 0.275949
0.112 0.277905
0.113 0.279852
0.114 0.281789
0.115 0.283716
0.116 0.285634
0.117 0.287543
0.118 0.289441
0.119 0.291331
0.12 0.29321
0.121 0.29508
0.122 0.296941
0.123 0.298792
0.124 0.300633
0.125 0.302465
0.126 0.304287
0.127 0.3061
0.128 0.307903
0.129 0.309696
0.13 0.31148
0.131 0.313255
0.132 0.315019
0.133 0.316775
0.134 0.31852
0.135 0.320257
0.136 0.321983
0.137 0.3237
0.138 0.325408
0.139 0.327105
0.14 0.328794
0.141 0.330473
0.142 0.332142
0.143 0.333802
0.144 0.335452
0.145 0.337093
0.146 0.338724
0.147 0.340345
0.148 0.341957
0.149 0.34356
0.15 0.345153
0.151 0.346737
0.152 0.348311
0.153 0.349875
0.154 0.35143
0.155 0.352976
0.156 0.354512
0.157 0.356038
0.158 0.357555
0.159 0.359063
0.16 0.360561
0.161 0.36205
0.162 0.363529
0.163 0.364999
0.164 0.366459
0.165 0.36791
0.166 0.369351
0.167 0.370783
0.168 0.372205
0.169 0.373618
0.17 0.375022
0.171 0.376416
0.172 0.377801
0.173 0.379176
0.174 0.380542
0.175 0.381899
0.176 0.383246
0.177 0.384584
0.178 0.385912
0.179 0.387231
0.18 0.388541
0.181 0.389841
0.182 0.391132
0.183 0.392414
0.184 0.393686
0.185 0.394949
0.186 0.396203
0.187 0.397447
0.188 0.398682
0.189 0.399908
0.19 0.401124
0.191 0.402332
0.192 0.403529
0.193 0.404718
0.194 0.405897
0.195 0.407068
0.196 0.408228
0.197 0.40938
0.198 0.410522
0.199 0.411656
0.2 0.41278
0.201 0.413894
0.202 0.415
0.203 0.416096
0.204 0.417183
0.205 0.418261
0.206 0.41933
0.207 0.42039
0.208 0.421441
0.209 0.422482
0.21 0.423514
0.211 0.424538
0.212 0.425552
0.213 0.426557
0.214 0.427553
0.215 0.42854
0.216 0.429518
0.217 0.430486
0.218 0.431446
0.219 0.432397
0.22 0.433339
0.221 0.434271
0.222 0.435195
0.223 0.43611
0.224 0.437015
0.225 0.437912
0.226 0.4388
0.227 0.439679
0.228 0.440549
0.229 0.44141
0.23 0.442262
0.231 0.443105
0.232 0.443939
0.233 0.444765
0.234 0.445581
0.235 0.446389
0.236 0.447188
0.237 0.447978
0.238 0.448759
0.239 0.449532
0.24 0.450296
0.241 0.45105
0.242 0.451797
0.243 0.452534
0.244 0.453262
0.245 0.453982
0.246 0.454694
0.247 0.455396
0.248 0.45609
0.249 0.456775
0.25 0.457451
0.251 0.458119
0.252 0.458778
0.253 0.459429
0.254 0.460071
0.255 0.460704
0.256 0.461329
0.257 0.461945
0.258 0.462552
0.259 0.463152
0.26 0.463742
0.261 0.464324
0.262 0.464898
0.263 0.465463
0.264 0.466019
0.265 0.466567
0.266 0.467107
0.267 0.467638
0.268 0.468161
0.269 0.468675
0.27 0.469181
0.271 0.469679
0.272 0.470168
0.273 0.470649
0.274 0.471122
0.275 0.471586
0.276 0.472042
0.277 0.472489
0.278 0.472929
0.279 0.47336
0.28 0.473783
0.281 0.474198
0.282 0.474604
0.283 0.475002
0.284 0.475393
0.285 0.475774
0.286 0.476148
0.287 0.476514
0.288 0.476871
0.289 0.477221
0.29 0.477562
0.291 0.477896
0.292 0.478221
0.293 0.478538
0.294 0.478847
0.295 0.479148
0.296 0.479442
0.297 0.479727
0.298 0.480004
0.299 0.480273
0.3 0.480535
0.301 0.480788
0.302 0.481034
0.303 0.481272
0.304 0.481502
0.305 0.481724
0.306 0.481938
0.307 0.482144
0.308 0.482343
0.309 0.482534
0.31 0.482717
0.311 0.482892
0.312 0.48306
0.313 0.48322
0.314 0.483372
0.315 0.483517
0.316 0.483653
0.317 0.483783
0.318 0.483904
0.319 0.484018
0.32 0.484125
0.321 0.484224
0.322 0.484315
0.323 0.484399
0.324 0.484475
0.325 0.484544
0.326 0.484606
0.327 0.484659
0.328 0.484706
0.329 0.484745
0.33 0.484777
0.331 0.484801
0.332 0.484818
0.333 0.484827
0.334 0.484829
0.335 0.484824
0.336 0.484812
0.337 0.484792
0.338 0.484765
0.339 0.484731
0.34 0.48469
0.341 0.484641
0.342 0.484585
0.343 0.484522
0.344 0.484452
0.345 0.484375
0.346 0.48429
0.347 0.484199
0.348 0.4841
0.349 0.483995
0.35 0.483882
0.351 0.483762
0.352 0.483636
0.353 0.483502
0.354 0.483362
0.355 0.483214
0.356 0.48306
0.357 0.482898
0.358 0.48273
0.359 0.482555
0.36 0.482373
0.361 0.482184
0.362 0.481988
0.363 0.481786
0.364 0.481577
0.365 0.481361
0.366 0.481138
0.367 0.480909
0.368 0.480673
0.369 0.48043
0.37 0.480181
0.371 0.479925
0.372 0.479662
0.373 0.479393
0.374 0.479117
0.375 0.478835
0.376 0.478546
0.377 0.47825
0.378 0.477948
0.379 0.47764
0.38 0.477325
0.381 0.477004
0.382 0.476676
0.383 0.476342
0.384 0.476002
0.385 0.475655
0.386 0.475302
0.387 0.474942
0.388 0.474576
0.389 0.474204
0.39 0.473826
0.391 0.473441
0.392 0.47305
0.393 0.472653
0.394 0.47225
0.395 0.471841
0.396 0.471425
0.397 0.471004
0.398 0.470576
0.399 0.470142
0.4 0.469702
0.401 0.469256
0.402 0.468805
0.403 0.468347
0.404 0.467883
0.405 0.467413
0.406 0.466937
0.407 0.466455
0.408 0.465968
0.409 0.465474
0.41 0.464975
0.411 0.46447
0.412 0.463959
0.413 0.463442
0.414 0.462919
0.415 0.462391
0.416 0.461857
0.417 0.461317
0.418 0.460772
0.419 0.460221
0.42 0.459664
0.421 0.459101
0.422 0.458533
0.423 0.45796
0.424 0.45738
0.425 0.456796
0.426 0.456205
0.427 0.45561
0.428 0.455008
0.429 0.454401
0.43 0.453789
0.431 0.453172
0.432 0.452549
0.433 0.45192
0.434 0.451286
0.435 0.450647
0.436 0.450003
0.437 0.449353
0.438 0.448698
0.439 0.448037
0.44 0.447372
0.441 0.446701
0.442 0.446025
0.443 0.445344
0.444 0.444657
0.445 0.443966
0.446 0.443269
0.447 0.442567
0.448 0.441861
0.449 0.441149
0.45 0.440432
0.451 0.43971
0.452 0.438983
0.453 0.438251
0.454 0.437514
0.455 0.436772
0.456 0.436026
0.457 0.435274
0.458 0.434517
0.459 0.433756
0.46 0.43299
0.461 0.432219
0.462 0.431443
0.463 0.430662
0.464 0.429877
0.465 0.429087
0.466 0.428292
0.467 0.427493
0.468 0.426689
0.469 0.42588
0.47 0.425067
0.471 0.424249
0.472 0.423426
0.473 0.422599
0.474 0.421767
0.475 0.420931
0.476 0.42009
0.477 0.419245
0.478 0.418395
0.479 0.417541
0.48 0.416682
0.481 0.415819
0.482 0.414952
0.483 0.41408
0.484 0.413204
0.485 0.412324
0.486 0.411439
0.487 0.41055
0.488 0.409657
0.489 0.408759
0.49 0.407858
0.491 0.406952
0.492 0.406042
0.493 0.405127
0.494 0.404209
0.495 0.403286
0.496 0.40236
0.497 0.401429
0.498 0.400494
0.499 0.399556
0.5 0.398613
0.501 0.397666
0.502 0.396715
0.503 0.39576
0.504 0.394802
0.505 0.393839
0.506 0.392873
0.507 0.391902
0.508 0.390928
0.509 0.38995
0.51 0.388968
0.511 0.387982
0.512 0.386993
0.513 0.386
0.514 0.385003
0.515 0.384002
0.516 0.382998
0.517 0.381989
0.518 0.380978
0.519 0.379962
0.52 0.378943
0.521 0.377921
0.522 0.376895
0.523 0.375865
0.524 0.374832
0.525 0.373795
0.526 0.372755
0.527 0.371711
0.528 0.370664
0.529 0.369613
0.53 0.368559
0.531 0.367501
0.532 0.366441
0.533 0.365376
0.534 0.364309
0.535 0.363238
0.536 0.362164
0.537 0.361086
0.538 0.360006
0.539 0.358922
0.54 0.357834
0.541 0.356744
0.542 0.35565
0.543 0.354554
0.544 0.353454
0.545 0.352351
0.546 0.351245
0.547 0.350135
0.548 0.349023
0.549 0.347908
0.55 0.346789
0.551 0.345668
0.552 0.344543
0.553 0.343416
0.554 0.342286
0.555 0.341152
0.556 0.340016
0.557 0.338877
0.558 0.337735
0.559 0.33659
0.56 0.335443
0.561 0.334292
0.562 0.333139
0.563 0.331983
0.564 0.330824
0.565 0.329663
0.566 0.328498
0.567 0.327331
0.568 0.326162
0.569 0.324989
0.57 0.323814
0.571 0.322636
0.572 0.321456
0.573 0.320273
0.574 0.319088
0.575 0.3179
0.576 0.316709
0.577 0.315516
0.578 0.314321
0.579 0.313123
0.58 0.311922
0.581 0.310719
0.582 0.309514
0.583 0.308306
0.584 0.307096
0.585 0.305883
0.586 0.304668
0.587 0.303451
0.588 0.302231
0.589 0.301009
0.59 0.299785
0.591 0.298559
0.592 0.29733
0.593 0.296099
0.594 0.294866
0.595 0.293631
0.596 0.292393
0.597 0.291153
0.598 0.289912
0.599 0.288668
0.6 0.287422
0.601 0.286174
0.602 0.284923
0.603 0.283671
0.604 0.282417
0.605 0.281161
0.606 0.279902
0.607 0.278642
0.608 0.27738
0.609 0.276116
0.61 0.27485
0.611 0.273582
0.612 0.272312
0.613 0.27104
0.614 0.269766
0.615 0.268491
0.616 0.267213
0.617 0.265934
0.618 0.264653
0.619 0.263371
0.62 0.262086
0.621 0.2608
0.622 0.259512
0.623 0.258223
0.624 0.256931
0.625 0.255638
0.626 0.254344
0.627 0.253048
0.628 0.25175
0.629 0.25045
0.63 0.249149
0.631 0.247847
0.632 0.246542
0.633 0.245237
0.634 0.24393
0.635 0.242621
0.636 0.241311
0.637 0.239999
0.638 0.238686
0.639 0.237371
0.64 0.236055
0.641 0.234738
0.642 0.233419
0.643 0.232099
0.644 0.230778
0.645 0.229455
0.646 0.228131
0.647 0.226805
0.648 0.225479
0.649 0.224151
0.65 0.222821
0.651 0.221491
0.652 0.220159
0.653 0.218826
0.654 0.217492
0.655 0.216157
0.656 0.21482
0.657 0.213483
0.658 0.212144
0.659 0.210804
0.66 0.209463
0.661 0.208121
0.662 0.206778
0.663 0.205434
0.664 0.204089
0.665 0.202743
0.666 0.201395
0.667 0.200047
0.668 0.198698
0.669 0.197348
0.67 0.195997
0.671 0.194645
0.672 0.193292
0.673 0.191938
0.674 0.190584
0.675 0.189228
0.676 0.187872
0.677 0.186515
0.678 0.185156
0.679 0.183798
0.68 0.182438
0.681 0.181078
0.682 0.179716
0.683 0.178355
0.684 0.176992
0.685 0.175629
0.686 0.174264
0.687 0.1729
0.688 0.171534
0.689 0.170168
0.69 0.168802
0.691 0.167434
0.692 0.166066
0.693 0.164698
0.694 0.163329
0.695 0.161959
0.696 0.160589
0.697 0.159218
0.698 0.157846
0.699 0.156475
0.7 0.155102
0.701 0.153729
0.702 0.152356
0.703 0.150982
0.704 0.149608
0.705 0.148234
0.706 0.146859
0.707 0.145483
0.708 0.144107
0.709 0.142731
0.71 0.141355
0.711 0.139978
0.712 0.1386
0.713 0.137223
0.714 0.135845
0.715 0.134467
0.716 0.133088
0.717 0.13171
0.718 0.130331
0.719 0.128952
0.72 0.127572
0.721 0.126193
0.722 0.124813
0.723 0.123433
0.724 0.122053
0.725 0.120672
0.726 0.119292
0.727 0.117911
0.728 0.116531
0.729 0.11515
0.73 0.113769
0.731 0.112388
0.732 0.111007
0.733 0.109626
0.734 0.108245
0.735 0.106864
0.736 0.105482
0.737 0.104101
0.738 0.10272
0.739 0.101339
0.74 0.0999578
0.741 0.0985767
0.742 0.0971957
0.743 0.0958148
0.744 0.094434
0.745 0.0930533
0.746 0.0916726
0.747 0.0902921
0.748 0.0889118
0.749 0.0875316
0.75 0.0861515
0.751 0.0847716
0.752 0.0833919
0.753 0.0820124
0.754 0.0806332
0.755 0.0792541
0.756 0.0778752
0.757 0.0764967
0.758 0.0751183
0.759 0.0737403
0.76 0.0723625
0.761 0.070985
0.762 0.0696078
0.763 0.0682309
0.764 0.0668544
0.765 0.0654782
0.766 0.0641023
0.767 0.0627268
0.768 0.0613517
0.769 0.0599769
0.77 0.0586026
0.771 0.0572287
0.772 0.0558551
0.773 0.0544821
0.774 0.0531094
0.775 0.0517372
0.776 0.0503655
0.777 0.0489942
0.778 0.0476235
0.779 0.0462532
0.78 0.0448834
0.781 0.0435142
0.782 0.0421455
0.783 0.0407773
0.784 0.0394097
0.785 0.0380426
0.786 0.0366761
0.787 0.0353102
0.788 0.0339449
0.789 0.0325802
0.79 0.0312161
0.791 0.0298526
0.792 0.0284898
0.793 0.0271276
0.794 0.0257661
0.795 0.0244053
0.796 0.0230451
0.797 0.0216856
0.798 0.0203268
0.799 0.0189687
0.8 0.0176114
0.801 0.0162547
0.802 0.0148989
0.803 0.0135437
0.804 0.0121893
0.805 0.0108357
0.806 0.0094829
0.807 0.00813086
0.808 0.00677962
0.809 0.00542919
0.81 0.00407958
0.811 0.0027308
0.812 0.00138286
0.813 3.5763e-05
0.814 -0.00131047
0.815 -0.00265584
0.816 -0.00400033
0.817 -0.00534394
0.818 -0.00668664
0.819 -0.00802844
0.82 -0.00936933
0.821 -0.0107093
0.822 -0.0120483
0.823 -0.0133864
0.824 -0.0147235
0.825 -0.0160597
0.826 -0.0173949
0.827 -0.0187291
0.828 -0.0200623
0.829 -0.0213946
0.83 -0.0227258
0.831 -0.024056
0.832 -0.0253852
0.833 -0.0267133
0.834 -0.0280404
0.835 -0.0293665
0.836 -0.0306915
0.837 -0.0320154
0.838 -0.0333382
0.839 -0.03466
0.84 -0.0359807
0.841 -0.0373002
0.842 -0.0386187
0.843 -0.039936
0.844 -0.0412522
0.845 -0.0425672
0.846 -0.0438811
0.847 -0.0451939
0.848 -0.0465055
0.849 -0.0478159
0.85 -0.0491251
0.851 -0.0504332
0.852 -0.05174
0.853 -0.0530457
0.854 -0.0543501
0.855 -0.0556533
0.856 -0.0569553
0.857 -0.058256
0.858 -0.0595555
0.859 -0.0608538
0.86 -0.0621508
0.861 -0.0634465
0.862 -0.0647409
0.863 -0.0660341
0.864 -0.067326
0.865 -0.0686165
0.866 -0.0699058
0.867 -0.0711937
0.868 -0.0724804
0.869 -0.0737656
0.87 -0.0750496
0.871 -0.0763322
0.872 -0.0776135
0.873 -0.0788934
0.874 -0.0801719
0.875 -0.081449
0.876 -0.0827248
0.877 -0.0839992
0.878 -0.0852722
0.879 -0.0865438
0.88 -0.0878139
0.881 -0.0890827
0.882 -0.09035
0.883 -0.0916159
0.884 -0.0928804
0.885 -0.0941434
0.886 -0.0954049
0.887 -0.096665
0.888 -0.0979236
0.889 -0.0991808
0.89 -0.100436
0.891 -0.101691
0.892 -0.102943
0.893 -0.104195
0.894 -0.105444
0.895 -0.106692
0.896 -0.107939
0.897 -0.109184
0.898 -0.110428
0.899 -0.11167
0.9 -0.11291
0.901 -0.114149
0.902 -0.115387
0.903 -0.116622
0.904 -0.117857
0.905 -0.119089
0.906 -0.12032
0.907 -0.12155
0.908 -0.122778
0.909 -0.124004
0.91 -0.125229
0.911 -0.126452
0.912 -0.127673
0.913 -0.128893
0.914 -0.130111
0.915 -0.131328
0.916 -0.132543
0.917 -0.133756
0.918 -0.134968
0.919 -0.136178
0.92 -0.137386
0.921 -0.138592
0.922 -0.139797
0.923 -0.141001
0.924 -0.142202
0.925 -0.143402
0.926 -0.1446
0.927 -0.145797
0.928 -0.146991
0.929 -0.148184
0.93 -0.149375
0.931 -0.150565
0.932 -0.151753
0.933 -0.152939
0.934 -0.154123
0.935 -0.155306
0.936 -0.156487
0.937 -0.157666
0.938 -0.158843
0.939 -0.160018
0.94 -0.161192
0.941 -0.162364
0.942 -0.163534
0.943 -0.164703
0.944 -0.165869
0.945 -0.167034
0.946 -0.168197
0.947 -0.169358
0.948 -0.170517
0.949 -0.171675
0.95 -0.172831
0.951 -0.173985
0.952 -0.175137
0.953 -0.176287
0.954 -0.177435
0.955 -0.178582
0.956 -0.179726
0.957 -0.180869
0.958 -0.18201
0.959 -0.183149
0.96 -0.184286
0.961 -0.185421
0.962 -0.186555
0.963 -0.187686
0.964 -0.188816
0.965 -0.189944
0.966 -0.19107
0.967 -0.192194
0.968 -0.193316
0.969 -0.194436
0.97 -0.195554
0.971 -0.19667
0.972 -0.197785
0.973 -0.198897
0.974 -0.200008
0.975 -0.201116
0.976 -0.202223
0.977 -0.203328
0.978 -0.20443
0.979 -0.205531
0.98 -0.20663
0.981 -0.207727
0.982 -0.208822
0.983 -0.209915
0.984 -0.211006
0.985 -0.212095
0.986 -0.213182
0.987 -0.214267
0.988 -0.21535
0.989 -0.216431
0.99 -0.21751
0.991 -0.218587
0.992 -0.219662
0.993 -0.220735
0.994 -0.221806
0.995 -0.222876
0.996 -0.223943
0.997 -0.225008
0.998 -0.226071
0.999 -0.227132
1 -0.228191
1.001 -0.229248
1.002 -0.230303
1.003 -0.231356
1.004 -0.232406
1.005 -0.233455
1.006 -0.234502
1.007 -0.235547
1.008 -0.236589
1.009 -0.23763
1.01 -0.238669
1.011 -0.239705
1.012 -0.240739
1.013 -0.241772
1.014 -0.242802
1.015 -0.24383
1.016 -0.244857
1.017 -0.245881
1.018 -0.246903
1.019 -0.247923
1.02 -0.24894
1.021 -0.249956
1.022 -0.25097
1.023 -0.251981
1.024 -0.252991
1.025 -0.253998
1.026 -0.255003
1.027 -0.256007
1.028 -0.257008
1.029 -0.258007
1.03 -0.259003
1.031 -0.259998
1.032 -0.260991
1.033 -0.261981
1.034 -0.26297
1.035 -0.263956
1.036 -0.26494
1.037 -0.265922
1.038 -0.266902
1.039 -0.26788
1.04 -0.268855
1.041 -0.269829
1.042 -0.2708
1.043 -0.271769
1.044 -0.272736
1.045 -0.273701
1.046 -0.274664
1.047 -0.275625
1.048 -0.276583
1.049 -0.277539
1.05 -0.278493
1.051 -0.279445
1.052 -0.280395
1.053 -0.281343
1.054 -0.282289
1.055 -0.283232
1.056 -0.284173
1.057 -0.285112
1.058 -0.286049
1.059 -0.286984
1.06 -0.287916
1.061 -0.288846
1.062 -0.289775
1.063 -0.290701
1.064 -0.291624
1.065 -0.292546
1.066 -0.293466
1.067 -0.294383
1.068 -0.295298
1.069 -0.296211
1.07 -0.297121
1.071 -0.29803
1.072 -0.298936
1.073 -0.29984
1.074 -0.300742
1.075 -0.301642
1.076 -0.30254
1.077 -0.303435
1.078 -0.304328
1.079 -0.305219
1.08 -0.306108
1.081 -0.306994
1.082 -0.307879
1.083 -0.308761
1.084 -0.309641
1.085 -0.310519
1.086 -0.311394
1.087 -0.312267
1.088 -0.313138
1.089 -0.314007
1.09 -0.314874
1.091 -0.315739
1.092 -0.316601
1.093 -0.317461
1.094 -0.318319
1.095 -0.319174
1.096 -0.320028
1.097 -0.320879
1.098 -0.321728
1.099 -0.322574
1.1 -0.323419
1.101 -0.324261
1.102 -0.325101
1.103 -0.325939
1.104 -0.326775
1.105 -0.327608
1.106 -0.328439
1.107 -0.329268
1.108 -0.330095
1.109 -0.33092
1.11 -0.331742
1.111 -0.332562
1.112 -0.33338
1.113 -0.334195
1.114 -0.335009
1.115 -0.33582
1.116 -0.336629
1.117 -0.337435
1.118 -0.33824
1.119 -0.339042
1.12 -0.339842
1.121 -0.34064
1.122 -0.341435
1.123 -0.342228
1.124 -0.343019
1.125 -0.343808
1.126 -0.344595
1.127 -0.345379
1.128 -0.346161
1.129 -0.346941
1.13 -0.347719
1.131 -0.348494
1.132 -0.349267
1.133 -0.350038
1.134 -0.350807
1.135 -0.351573
1.136 -0.352337
1.137 -0.353099
1.138 -0.353859
1.139 -0.354617
1.14 -0.355372
1.141 -0.356125
1.142 -0.356876
1.143 -0.357624
1.144 -0.358371
1.145 -0.359115
1.146 -0.359857
1.147 -0.360596
1.148 -0.361334
1.149 -0.362069
1.15 -0.362802
1.151 -0.363533
1.152 -0.364261
1.153 -0.364987
1.154 -0.365711
1.155 -0.366433
1.156 -0.367153
1.157 -0.36787
1.158 -0.368585
1.159 -0.369298
1.16 -0.370008
1.161 -0.370717
1.162 -0.371423
1.163 -0.372127
1.164 -0.372828
1.165 -0.373528
1.166 -0.374225
1.167 -0.37492
1.168 -0.375613
1.169 -0.376303
1.17 -0.376992
1.171 -0.377678
1.172 -0.378362
1.173 -0.379043
1.174 -0.379723
1.175 -0.3804
1.176 -0.381075
1.177 -0.381748
1.178 -0.382418
1.179 -0.383087
1.18 -0.383753
1.181 -0.384416
1.182 -0.385078
1.183 -0.385738
1.184 -0.386395
1.185 -0.38705
1.186 -0.387703
1.187 -0.388353
1.188 -0.389001
1.189 -0.389648
1.19 -0.390292
1.191 -0.390933
1.192 -0.391573
1.193 -0.39221
1.194 -0.392845
1.195 -0.393478
1.196 -0.394109
1.197 -0.394737
1.198 -0.395363
1.199 -0.395987
1.2 -0.396609
1.201 -0.397229
1.202 -0.397846
1.203 -0.398462
1.204 -0.399075
1.205 -0.399686
1.206 -0.400294
1.207 -0.400901
1.208 -0.401505
1.209 -0.402107
1.21 -0.402707
1.211 -0.403305
1.212 -0.4039
1.213 -0.404493
1.214 -0.405085
1.215 -0.405673
1.216 -0.40626
1.217 -0.406845
1.218 -0.407427
1.219 -0.408007
1.22 -0.408585
1.221 -0.409161
1.222 -0.409735
1.223 -0.410306
1.224 -0.410876
1.225 -0.411443
1.226 -0.412008
1.227 -0.412571
1.228 -0.413131
1.229 -0.41369
1.23 -0.414246
1.231 -0.4148
1.232 -0.415352
1.233 -0.415902
1.234 -0.41645
1.235 -0.416995
1.236 -0.417538
1.237 -0.41808
1.238 -0.418619
1.239 -0.419156
1.24 -0.41969
1.241 -0.420223
1.242 -0.420753
1.243 -0.421281
1.244 -0.421808
1.245 -0.422332
1.246 -0.422853
1.247 -0.423373
1.248 -0.423891
1.249 -0.424406
1.25 -0.424919
1.251 -0.425431
1.252 -0.42594
1.253 -0.426447
1.254 -0.426951
1.255 -0.427454
1.256 -0.427954
1.257 -0.428453
1.258 -0.428949
1.259 -0.429443
1.26 -0.429935
1.261 -0.430425
1.262 -0.430913
1.263 -0.431399
1.264 -0.431882
1.265 -0.432364
1.266 -0.432843
1.267 -0.43332
1.268 -0.433795
1.269 -0.434268
1.27 -0.434739
1.271 -0.435208
1.272 -0.435675
1.273 -0.43614
1.274 -0.436602
1.275 -0.437063
1.276 -0.437521
1.277 -0.437977
1.278 -0.438432
1.279 -0.438884
1.28 -0.439334
1.281 -0.439782
1.282 -0.440228
1.283 -0.440672
1.284 -0.441113
1.285 -0.441553
1.286 -0.441991
1.287 -0.442426
1.288 -0.44286
1.289 -0.443291
1.29 -0.44372
1.291 -0.444148
1.292 -0.444573
1.293 -0.444996
1.294 -0.445417
1.295 -0.445836
1.296 -0.446253
1.297 -0.446668
1.298 -0.447081
1.299 -0.447492
1.3 -0.447901
1.301 -0.448308
1.302 -0.448713
1.303 -0.449115
1.304 -0.449516
1.305 -0.449915
1.306 -0.450312
1.307 -0.450706
1.308 -0.451099
1.309 -0.451489
1.31 -0.451878
1.311 -0.452265
1.312 -0.452649
1.313 -0.453032
1.314 -0.453412
1.315 -0.453791
1.316 -0.454167
1.317 -0.454542
1.318 -0.454915
1.319 -0.455285
1.32 -0.455654
1.321 -0.45602
1.322 -0.456385
1.323 -0.456747
1.324 -0.457108
1.325 -0.457467
1.326 -0.457823
1.327 -0.458178
1.328 -0.458531
1.329 -0.458881
1.33 -0.45923
1.331 -0.459577
1.332 -0.459922
1.333 -0.460264
1.334 -0.460605
1.335 -0.460944
1.336 -0.461281
1.337 -0.461616
1.338 -0.461949
1.339 -0.46228
1.34 -0.46261
1.341 -0.462937
1.342 -0.463262
1.343 -0.463585
1.344 -0.463907
1.345 -0.464226
1.346 -0.464544
1.347 -0.46486
1.348 -0.465173
1.349 -0.465485
1.35 -0.465795
1.351 -0.466103
1.352 -0.466409
1.353 -0.466713
1.354 -0.467015
1.355 -0.467315
1.356 -0.467614
1.357 -0.46791
1.358 -0.468205
1.359 -0.468498
1.36 -0.468788
1.361 -0.469077
1.362 -0.469364
1.363 -0.469649
1.364 -0.469933
1.365 -0.470214
1.366 -0.470493
1.367 -0.470771
1.368 -0.471047
1.369 -0.471321
1.37 -0.471593
1.371 -0.471863
1.372 -0.472131
1.373 -0.472397
1.374 -0.472662
1.375 -0.472925
1.376 -0.473185
1.377 -0.473444
1.378 -0.473702
1.379 -0.473957
1.38 -0.47421
1.381 -0.474462
1.382 -0.474712
1.383 -0.47496
1.384 -0.475206
1.385 -0.47545
1.386 -0.475692
1.387 -0.475933
1.388 -0.476172
1.389 -0.476409
1.39 -0.476644
1.391 -0.476877
1.392 -0.477109
1.393 -0.477339
1.394 -0.477567
1.395 -0.477793
1.396 -0.478017
1.397 -0.47824
1.398 -0.478461
1.399 -0.47868
1.4 -0.478897
1.401 -0.479112
1.402 -0.479326
1.403 -0.479538
1.404 -0.479748
1.405 -0.479956
1.406 -0.480163
1.407 -0.480367
1.408 -0.48057
1.409 -0.480772
1.41 -0.480971
1.411 -0.481169
1.412 -0.481365
1.413 -0.481559
1.414 -0.481751
1.415 -0.481942
1.416 -0.482131
1.417 -0.482318
1.418 -0.482504
1.419 -0.482688
1.42 -0.48287
1.421 -0.48305
1.422 -0.483229
1.423 -0.483406
1.424 -0.483581
1.425 -0.483754
1.426 -0.483926
1.427 -0.484096
1.428 -0.484265
1.429 -0.484431
1.43 -0.484596
1.431 -0.484759
1.432 -0.484921
1.433 -0.485081
1.434 -0.485239
1.435 -0.485395
1.436 -0.48555
1.437 -0.485703
1.438 -0.485855
1.439 -0.486004
1.44 -0.486153
1.441 -0.486299
1.442 -0.486444
1.443 -0.486587
1.444 -0.486728
1.445 -0.486868
1.446 -0.487006
1.447 -0.487143
1.448 -0.487278
1.449 -0.487411
1.45 -0.487542
1.451 -0.487672
1.452 -0.4878
1.453 -0.487927
1.454 -0.488052
1.455 -0.488176
1.456 -0.488297
1.457 -0.488417
1.458 -0.488536
1.459 -0.488653
1.46 -0.488768
1.461 -0.488882
1.462 -0.488994
1.463 -0.489104
1.464 -0.489213
1.465 -0.489321
1.466 -0.489426
1.467 -0.48953
1.468 -0.489633
1.469 -0.489734
1.47 -0.489833
1.471 -0.489931
1.472 -0.490027
1.473 -0.490122
1.474 -0.490215
1.475 -0.490306
1.476 -0.490396
1.477 -0.490485
1.478 -0.490572
1.479 -0.490657
1.48 -0.490741
1.481 -0.490823
1.482 -0.490903
1.483 -0.490982
1.484 -0.49106
1.485 -0.491136
1.486 -0.49121
1.487 -0.491283
1.488 -0.491355
1.489 -0.491425
1.49 -0.491493
1.491 -0.49156
1.492 -0.491625
1.493 -0.491689
1.494 -0.491751
1.495 -0.491812
1.496 -0.491872
1.497 -0.491929
1.498 -0.491986
1.499 -0.49204
1.5 -0.492094
1.501 -0.492146
1.502 -0.492196
1.503 -0.492245
1.504 -0.492292
1.505 -0.492338
1.506 -0.492383
1.507 -0.492426
1.508 -0.492467
1.509 -0.492507
1.51 -0.492546
1.511 -0.492583
1.512 -0.492619
1.513 -0.492653
1.514 -0.492686
1.515 -0.492717
1.516 -0.492747
1.517 -0.492776
1.518 -0.492803
1.519 -0.492828
1.52 -0.492852
1.521 -0.492875
1.522 -0.492897
1.523 -0.492916
1.524 -0.492935
1.525 -0.492952
1.526 -0.492968
1.527 -0.492982
1.528 -0.492995
1.529 -0.493006
1.53 -0.493016
1.531 -0.493025
1.532 -0.493032
1.533 -0.493038
1.534 -0.493043
1.535 -0.493046
1.536 -0.493048
1.537 -0.493048
1.538 -0.493047
1.539 -0.493045
1.54 -0.493041
1.541 -0.493036
1.542 -0.493029
1.543 -0.493022
1.544 -0.493012
1.545 -0.493002
1.546 -0.49299
1.547 -0.492977
1.548 -0.492962
1.549 -0.492946
1.55 -0.492929
1.551 -0.492911
1.552 -0.492891
1.553 -0.492869
1.554 -0.492847
1.555 -0.492823
1.556 -0.492798
1.557 -0.492771
1.558 -0.492743
1.559 -0.492714
1.56 -0.492684
1.561 -0.492652
1.562 -0.492619
1.563 -0.492585
1.564 -0.492549
1.565 -0.492512
1.566 -0.492474
1.567 -0.492435
1.568 -0.492394
1.569 -0.492352
1.57 -0.492309
1.571 -0.492264
1.572 -0.492218
1.573 -0.492171
1.574 -0.492123
1.575 -0.492073
1.576 -0.492022
1.577 -0.49197
1.578 -0.491916
1.579 -0.491862
1.58 -0.491806
1.581 -0.491749
1.582 -0.49169
1.583 -0.491631
1.584 -0.49157
1.585 -0.491508
1.586 -0.491445
1.587 -0.49138
1.588 -0.491314
1.589 -0.491247
1.59 -0.491179
1.591 -0.49111
1.592 -0.491039
1.593 -0.490967
1.594 -0.490895
1.595 -0.49082
1.596 -0.490745
1.597 -0.490668
1.598 -0.490591
1.599 -0.490512
1.6 -0.490431
1.601 -0.49035
1.602 -0.490268
1.603 -0.490184
1.604 -0.490099
1.605 -0.490013
1.606 -0.489926
1.607 -0.489838
1.608 -0.489748
1.609 -0.489657
1.61 -0.489566
1.611 -0.489473
1.612 -0.489379
1.613 -0.489283
1.614 -0.489187
1.615 -0.489089
1.616 -0.488991
1.617 -0.488891
1.618 -0.48879
1.619 -0.488688
1.62 -0.488585
1.621 -0.488481
1.622 -0.488375
1.623 -0.488269
1.624 -0.488161
1.625 -0.488052
1.626 -0.487942
1.627 -0.487831
1.628 -0.487719
1.629 -0.487606
1.63 -0.487492
1.631 -0.487377
1.632 -0.48726
1.633 -0.487143
1.634 -0.487024
1.635 -0.486904
1.636 -0.486784
1.637 -0.486662
1.638 -0.486539
1.639 -0.486415
1.64 -0.48629
1.641 -0.486164
1.642 -0.486037
1.643 -0.485909
1.644 -0.485779
1.645 -0.485649
1.646 -0.485518
1.647 -0.485385
1.648 -0.485252
1.649 -0.485117
1.65 -0.484982
1.651 -0.484845
1.652 -0.484708
1.653 -0.484569
1.654 -0.48443
1.655 -0.484289
1.656 -0.484148
1.657 -0.484005
1.658 -0.483861
1.659 -0.483717
1.66 -0.483571
1.661 -0.483424
1.662 -0.483277
1.663 -0.483128
1.664 -0.482978
1.665 -0.482828
1.666 -0.482676
1.667 -0.482523
1.668 -0.48237
1.669 -0.482215
1.67 -0.48206
1.671 -0.481903
1.672 -0.481745
1.673 -0.481587
1.674 -0.481428
1.675 -0.481267
1.676 -0.481106
1.677 -0.480943
1.678 -0.48078
1.679 -0.480616
1.68 -0.480451
1.681 -0.480285
1.682 -0.480118
1.683 -0.47995
1.684 -0.479781
1.685 -0.479611
1.686 -0.47944
1.687 -0.479268
1.688 -0.479096
1.689 -0.478922
1.69 -0.478748
1.691 -0.478572
1.692 -0.478396
1.693 -0.478219
1.694 -0.478041
1.695 -0.477862
1.696 -0.477682
1.697 -0.477501
1.698 -0.477319
1.699 -0.477137
1.7 -0.476953
1.701 -0.476769
1.702 -0.476583
1.703 -0.476397
1.704 -0.47621
1.705 -0.476022
1.706 -0.475833
1.707 -0.475644
1.708 -0.475453
1.709 -0.475262
1.71 -0.475069
1.711 -0.474876
1.712 -0.474682
1.713 -0.474488
1.714 -0.474292
1.715 -0.474095
1.716 -0.473898
1.717 -0.4737
1.718 -0.473501
1.719 -0.473301
1.72 -0.4731
1.721 -0.472898
1.722 -0.472696
1.723 -0.472493
1.724 -0.472289
1.725 -0.472084
1.726 -0.471878
1.727 -0.471672
1.728 -0.471464
1.729 -0.471256
1.73 -0.471047
1.731 -0.470837
1.732 -0.470627
1.733 -0.470416
1.734 -0.470203
1.735 -0.46999
1.736 -0.469777
1.737 -0.469562
1.738 -0.469347
1.739 -0.469131
1.74 -0.468914
1.741 -0.468696
1.742 -0.468478
1.743 -0.468259
1.744 -0.468039
1.745 -0.467818
1.746 -0.467596
1.747 -0.467374
1.748 -0.467151
1.749 -0.466927
1.75 -0.466703
1.751 -0.466478
1.752 -0.466252
1.753 -0.466025
1.754 -0.465797
1.755 -0.465569
1.756 -0.46534
1.757 -0.46511
1.758 -0.46488
1.759 -0.464649
1.76 -0.464417
1.761 -0.464184
1.762 -0.463951
1.763 -0.463717
1.764 -0.463482
1.765 -0.463246
1.766 -0.46301
1.767 -0.462773
1.768 -0.462535
1.769 -0.462297
1.77 -0.462058
1.771 -0.461818
1.772 -0.461578
1.773 -0.461336
1.774 -0.461095
1.775 -0.460852
1.776 -0.460609
1.777 -0.460365
1.778 -0.46012
1.779 -0.459875
1.78 -0.459629
1.781 -0.459383
1.782 -0.459135
1.783 -0.458887
1.784 -0.458639
1.785 -0.458389
1.786 -0.458139
1.787 -0.457889
1.788 -0.457638
1.789 -0.457386
1.79 -0.457133
1.791 -0.45688
1.792 -0.456626
1.793 -0.456372
1.794 -0.456116
1.795 -0.455861
1.796 -0.455604
1.797 -0.455347
1.798 -0.455089
1.799 -0.454831
1.8 -0.454572
1.801 -0.454313
1.802 -0.454052
1.803 -0.453792
1.804 -0.45353
1.805 -0.453268
1.806 -0.453006
1.807 -0.452742
1.808 -0.452478
1.809 -0.452214
1.81 -0.451949
1.811 -0.451683
1.812 -0.451417
1.813 -0.45115
1.814 -0.450883
1.815 -0.450615
1.816 -0.450346
1.817 -0.450077
1.818 -0.449807
1.819 -0.449537
1.82 -0.449266
1.821 -0.448994
1.822 -0.448722
1.823 -0.448449
1.824 -0.448176
1.825 -0.447902
1.826 -0.447628
1.827 -0.447353
1.828 -0.447078
1.829 -0.446802
1.83 -0.446525
1.831 -0.446248
1.832 -0.44597
1.833 -0.445692
1.834 -0.445413
1.835 -0.445134
1.836 -0.444854
1.837 -0.444574
1.838 -0.444293
1.839 -0.444011
1.84 -0.443729
1.841 -0.443447
1.842 -0.443164
1.843 -0.44288
1.844 -0.442596
1.845 -0.442312
1.846 -0.442026
1.847 -0.441741
1.848 -0.441455
1.849 -0.441168
1.85 -0.440881
1.851 -0.440593
1.852 -0.440305
1.853 -0.440016
1.854 -0.439727
1.855 -0.439438
1.856 -0.439147
1.857 -0.438857
1.858 -0.438566
1.859 -0.438274
1.86 -0.437982
1.861 -0.437689
1.862 -0.437396
1.863 -0.437103
1.864 -0.436809
1.865 -0.436514
1.866 -0.436219
1.867 -0.435924
1.868 -0.435628
1.869 -0.435332
1.87 -0.435035
1.871 -0.434737
1.872 -0.43444
1.873 -0.434141
1.874 -0.433843
1.875 -0.433544
1.876 -0.433244
1.877 -0.432944
1.878 -0.432644
1.879 -0.432343
1.88 -0.432042
1.881 -0.43174
1.882 -0.431438
1.883 -0.431135
1.884 -0.430832
1.885 -0.430528
1.886 -0.430224
1.887 -0.42992
1.888 -0.429615
1.889 -0.42931
1.89 -0.429005
1.891 -0.428699
1.892 -0.428392
1.893 -0.428085
1.894 -0.427778
1.895 -0.42747
1.896 -0.427162
1.897 -0.426854
1.898 -0.426545
1.899 -0.426236
1.9 -0.425926
1.901 -0.425616
1.902 -0.425306
1.903 -0.424995
1.904 -0.424683
1.905 -0.424372
1.906 -0.42406
1.907 -0.423747
1.908 -0.423435
1.909 -0.423121
1.91 -0.422808
1.911 -0.422494
1.912 -0.42218
1.913 -0.421865
1.914 -0.42155
1.915 -0.421235
1.916 -0.420919
1.917 -0.420603
1.918 -0.420286
1.919 -0.41997
1.92 -0.419652
1.921 -0.419335
1.922 -0.419017
1.923 -0.418699
1.924 -0.41838
1.925 -0.418061
1.926 -0.417742
1.927 -0.417422
1.928 -0.417102
1.929 -0.416782
1.93 -0.416461
1.931 -0.41614
1.932 -0.415819
1.933 -0.415498
1.934 -0.415176
1.935 -0.414853
1.936 -0.414531
1.937 -0.414208
1.938 -0.413885
1.939 -0.413561
1.94 -0.413237
1.941 -0.412913
1.942 -0.412588
1.943 -0.412264
1.944 -0.411938
1.945 -0.411613
1.946 -0.411287
1.947 -0.410961
1.948 -0.410635
1.949 -0.410308
1.95 -0.409981
1.951 -0.409654
1.952 -0.409326
1.953 -0.408999
1.954 -0.40867
1.955 -0.408342
1.956 -0.408013
1.957 -0.407684
1.958 -0.407355
1.959 -0.407026
1.96 -0.406696
1.961 -0.406366
1.962 -0.406035
1.963 -0.405705
1.964 -0.405374
1.965 -0.405043
1.966 -0.404711
1.967 -0.404379
1.968 -0.404047
1.969 -0.403715
1.97 -0.403383
1.971 -0.40305
1.972 -0.402717
1.973 -0.402384
1.974 -0.40205
1.975 -0.401716
1.976 -0.401382
1.977 -0.401048
1.978 -0.400713
1.979 -0.400379
1.98 -0.400044
1.981 -0.399708
1.982 -0.399373
1.983 -0.399037
1.984 -0.398701
1.985 -0.398365
1.986 -0.398029
1.987 -0.397692
1.988 -0.397355
1.989 -0.397018
1.99 -0.396681
1.991 -0.396343
1.992 -0.396005
1.993 -0.395667
1.994 -0.395329
1.995 -0.394991
1.996 -0.394652
1.997 -0.394313
1.998 -0.393974
1.999 -0.393635
2 -0.393295
2.001 -0.392956
2.002 -0.392616
2.003 -0.392276
2.004 -0.391935
2.005 -0.391595
2.006 -0.391254
2.007 -0.390913
2.008 -0.390572
2.009 -0.390231
2.01 -0.389889
2.011 -0.389548
2.012 -0.389206
2.013 -0.388864
2.014 -0.388522
2.015 -0.388179
2.016 -0.387837
2.017 -0.387494
2.018 -0.387151
2.019 -0.386808
2.02 -0.386465
2.021 -0.386121
2.022 -0.385778
2.023 -0.385434
2.024 -0.38509
2.025 -0.384746
2.026 -0.384401
2.027 -0.384057
2.028 -0.383712
2.029 -0.383368
2.03 -0.383023
2.031 -0.382678
2.032 -0.382332
2.033 -0.381987
2.034 -0.381641
2.035 -0.381296
2.036 -0.38095
2.037 -0.380604
2.038 -0.380258
2.039 -0.379911
2.04 -0.379565
2.041 -0.379218
2.042 -0.378872
2.043 -0.378525
2.044 -0.378178
2.045 -0.377831
2.046 -0.377483
2.047 -0.377136
2.048 -0.376789
2.049 -0.376441
2.05 -0.376093
2.051 -0.375745
2.052 -0.375397
2.053 -0.375049
2.054 -0.374701
2.055 -0.374352
2.056 -0.374004
2.057 -0.373655
2.058 -0.373307
2.059 -0.372958
2.06 -0.372609
2.061 -0.37226
2.062 -0.371911
2.063 -0.371561
2.064 -0.371212
2.065 -0.370862
2.066 -0.370513
2.067 -0.370163
2.068 -0.369813
2.069 -0.369463
2.07 -0.369113
2.071 -0.368763
2.072 -0.368413
2.073 -0.368063
2.074 -0.367713
2.075 -0.367362
2.076 -0.367012
2.077 -0.366661
2.078 -0.36631
2.079 -0.365959
2.08 -0.365608
2.081 -0.365258
2.082 -0.364906
2.083 -0.364555
2.084 -0.364204
2.085 -0.363853
2.086 -0.363501
2.087 -0.36315
2.088 -0.362799
2.089 -0.362447
2.09 -0.362095
2.091 -0.361744
2.092 -0.361392
2.093 -0.36104
2.094 -0.360688
2.095 -0.360336
2.096 -0.359984
2.097 -0.359632
2.098 -0.35928
2.099 -0.358928
2.1 -0.358575
2.101 -0.358223
2.102 -0.357871
2.103 -0.357518
2.104 -0.357166
2.105 -0.356813
2.106 -0.356461
2.107 -0.356108
2.108 -0.355755
2.109 -0.355403
2.11 -0.35505
2.111 -0.354697
2.112 -0.354344
2.113 -0.353991
2.114 -0.353639
2.115 -0.353286
2.116 -0.352933
2.117 -0.35258
2.118 -0.352227
2.119 -0.351874
2.12 -0.35152
2.121 -0.351167
2.122 -0.350814
2.123 -0.350461
2.124 -0.350108
2.125 -0.349755
2.126 -0.349401
2.127 -0.349048
2.128 -0.348695
2.129 -0.348341
2.13 -0.347988
2.131 -0.347635
2.132 -0.347281
2.133 -0.346928
2.134 -0.346575
2.135 -0.346221
2.136 -0.345868
2.137 -0.345514
2.138 -0.345161
2.139 -0.344807
2.14 -0.344454
2.141 -0.344101
2.142 -0.343747
2.143 -0.343394
2.144 -0.34304
2.145 -0.342687
2.146 -0.342333
2.147 -0.34198
2.148 -0.341626
2.149 -0.341273
2.15 -0.34092
2.151 -0.340566
2.152 -0.340213
2.153 -0.339859
2.154 -0.339506
2.155 -0.339153
2.156 -0.338799
2.157 -0.338446
2.158 -0.338093
2.159 -0.337739
2.16 -0.337386
2.161 -0.337033
2.162 -0.336679
2.163 -0.336326
2.164 -0.335973
2.165 -0.33562
2.166 -0.335267
2.167 -0.334913
2.168 -0.33456
2.169 -0.334207
2.17 -0.333854
2.171 -0.333501
2.172 -0.333148
2.173 -0.332795
2.174 -0.332442
2.175 -0.332089
2.176 -0.331737
2.177 -0.331384
2.178 -0.331031
2.179 -0.330678
2.18 -0.330325
2.181 -0.329973
2.182 -0.32962
2.183 -0.329268
2.184 -0.328915
2.185 -0.328563
2.186 -0.32821
2.187 -0.327858
2.188 -0.327505
2.189 -0.327153
2.19 -0.326801
2.191 -0.326449
2.192 -0.326096
2.193 -0.325744
2.194 -0.325392
2.195 -0.32504
2.196 -0.324688
2.197 -0.324337
2.198 -0.323985
2.199 -0.323633
2.2 -0.323281
2.201 -0.32293
2.202 -0.322578
2.203 -0.322227
2.204 -0.321875
2.205 -0.321524
2.206 -0.321172
2.207 -0.320821
2.208 -0.32047
2.209 -0.320119
2.21 -0.319768
2.211 -0.319417
2.212 -0.319066
2.213 -0.318715
2.214 -0.318365
2.215 -0.318014
2.216 -0.317663
2.217 -0.317313
2.218 -0.316962
2.219 -0.316612
2.22 -0.316262
2.221 -0.315912
2.222 -0.315561
2.223 -0.315211
2.224 -0.314861
2.225 -0.314512
2.226 -0.314162
2.227 -0.313812
2.228 -0.313462
2.229 -0.313113
2.23 -0.312764
2.231 -0.312414
2.232 -0.312065
2.233 -0.311716
2.234 -0.311367
2.235 -0.311018
2.236 -0.310669
2.237 -0.31032
2.238 -0.309971
2.239 -0.309623
2.24 -0.309274
2.241 -0.308926
2.242 -0.308578
2.243 -0.30823
2.244 -0.307881
2.245 -0.307533
2.246 -0.307186
2.247 -0.306838
2.248 -0.30649
2.249 -0.306143
2.25 -0.305795
2.251 -0.305448
2.252 -0.305101
2.253 -0.304753
2.254 -0.304406
2.255 -0.304059
2.256 -0.303713
2.257 -0.303366
2.258 -0.303019
2.259 -0.302673
2.26 -0.302327
2.261 -0.30198
2.262 -0.301634
2.263 -0.301288
2.264 -0.300942
2.265 -0.300597
2.266 -0.300251
2.267 -0.299905
2.268 -0.29956
2.269 -0.299215
2.27 -0.29887
2.271 -0.298525
2.272 -0.29818
2.273 -0.297835
2.274 -0.29749
2.275 -0.297146
2.276 -0.296801
2.277 -0.296457
2.278 -0.296113
2.279 -0.295769
2.28 -0.295425
2.281 -0.295081
2.282 -0.294738
2.283 -0.294394
2.284 -0.294051
2.285 -0.293708
2.286 -0.293365
2.287 -0.293022
2.288 -0.292679
2.289 -0.292336
2.29 -0.291994
2.291 -0.291651
2.292 -0.291309
2.293 -0.290967
2.294 -0.290625
2.295 -0.290283
2.296 -0.289941
2.297 -0.2896
2.298 -0.289258
2.299 -0.288917
2.3 -0.288576
2.301 -0.288235
2.302 -0.287894
2.303 -0.287554
2.304 -0.287213
2.305 -0.286873
2.306 -0.286533
2.307 -0.286192
2.308 -0.285853
2.309 -0.285513
2.31 -0.285173
2.311 -0.284834
2.312 -0.284494
2.313 -0.284155
2.314 -0.283816
2.315 -0.283477
2.316 -0.283139
2.317 -0.2828
2.318 -0.282462
2.319 -0.282124
2.32 -0.281786
2.321 -0.281448
2.322 -0.28111
2.323 -0.280772
2.324 -0.280435
2.325 -0.280098
2.326 -0.279761
2.327 -0.279424
2.328 -0.279087
2.329 -0.27875
2.33 -0.278414
2.331 -0.278078
2.332 -0.277742
2.333 -0.277406
2.334 -0.27707
2.335 -0.276734
2.336 -0.276399
2.337 -0.276064
2.338 -0.275729
2.339 -0.275394
2.34 -0.275059
2.341 -0.274724
2.342 -0.27439
2.343 -0.274056
2.344 -0.273722
2.345 -0.273388
2.346 -0.273054
2.347 -0.272721
2.348 -0.272387
2.349 -0.272054
2.35 -0.271721
2.351 -0.271388
2.352 -0.271056
2.353 -0.270723
2.354 -0.270391
2.355 -0.270059
2.356 -0.269727
2.357 -0.269395
2.358 -0.269064
2.359 -0.268732
2.36 -0.268401
2.361 -0.26807
2.362 -0.267739
2.363 -0.267409
2.364 -0.267078
2.365 -0.266748
2.366 -0.266418
2.367 -0.266088
2.368 -0.265759
2.369 -0.265429
2.37 -0.2651
2.371 -0.264771
2.372 -0.264442
2.373 -0.264113
2.374 -0.263784
2.375 -0.263456
2.376 -0.263128
2.377 -0.2628
2.378 -0.262472
2.379 -0.262145
2.38 -0.261817
2.381 -0.26149
2.382 -0.261163
2.383 -0.260836
2.384 -0.26051
2.385 -0.260183
2.386 -0.259857
2.387 -0.259531
2.388 -0.259205
2.389 -0.258879
2.39 -0.258554
2.391 -0.258229
2.392 -0.257904
2.393 -0.257579
2.394 -0.257254
2.395 -0.25693
2.396 -0.256606
2.397 -0.256282
2.398 -0.255958
2.399 -0.255634
2.4 -0.255311
2.401 -0.254988
2.402 -0.254665
2.403 -0.254342
2.404 -0.254019
2.405 -0.253697
2.406 -0.253375
2.407 -0.253053
2.408 -0.252731
2.409 -0.252409
2.41 -0.252088
2.411 -0.251767
2.412 -0.251446
2.413 -0.251125
2.414 -0.250805
2.415 -0.250485
2.416 -0.250164
2.417 -0.249845
2.418 -0.249525
2.419 -0.249206
2.42 -0.248886
2.421 -0.248567
2.422 -0.248248
2.423 -0.24793
2.424 -0.247611
2.425 -0.247293
2.426 -0.246975
2.427 -0.246658
2.428 -0.24634
2.429 -0.246023
2.43 -0.245706
2.431 -0.245389
2.432 -0.245072
2.433 -0.244756
2.434 -0.24444
2.435 -0.244124
2.436 -0.243808
2.437 -0.243492
2.438 -0.243177
2.439 -0.242862
2.44 -0.242547
2.441 -0.242232
2.442 -0.241918
2.443 -0.241604
2.444 -0.24129
2.445 -0.240976
2.446 -0.240662
2.447 -0.240349
2.448 -0.240036
2.449 -0.239723
2.45 -0.23941
2.451 -0.239098
2.452 -0.238786
2.453 -0.238474
2.454 -0.238162
2.455 -0.23785
2.456 -0.237539
2.457 -0.237228
2.458 -0.236917
2.459 -0.236607
2.46 -0.236296
2.461 -0.235986
2.462 -0.235676
2.463 -0.235366
2.464 -0.235057
2.465 -0.234748
2.466 -0.234439
2.467 -0.23413
2.468 -0.233821
2.469 -0.233513
2.47 -0.233205
2.471 -0.232897
2.472 -0.232589
2.473 -0.232282
2.474 -0.231975
2.475 -0.231668
2.476 -0.231361
2.477 -0.231055
2.478 -0.230748
2.479 -0.230442
2.48 -0.230137
2.481 -0.229831
2.482 -0.229526
2.483 -0.229221
2.484 -0.228916
2.485 -0.228611
2.486 -0.228307
2.487 -0.228003
2.488 -0.227699
2.489 -0.227395
2.49 -0.227092
2.491 -0.226789
2.492 -0.226486
2.493 -0.226183
2.494 -0.225881
2.495 -0.225579
2.496 -0.225277
2.497 -0.224975
2.498 -0.224673
2.499 -0.224372
2.5 -0.224071
2.501 -0.22377
2.502 -0.22347
2.503 -0.22317
2.504 -0.22287
2.505 -0.22257
2.506 -0.22227
2.507 -0.221971
2.508 -0.221672
2.509 -0.221373
2.51 -0.221074
2.511 -0.220776
2.512 -0.220478
2.513 -0.22018
2.514 -0.219882
2.515 -0.219585
2.516 -0.219288
2.517 -0.218991
2.518 -0.218694
2.519 -0.218398
2.52 -0.218102
2.521 -0.217806
2.522 -0.21751
2.523 -0.217215
2.524 -0.21692
2.525 -0.216625
2.526 -0.21633
2.527 -0.216036
2.528 -0.215742
2.529 -0.215448
2.53 -0.215154
2.531 -0.214861
2.532 -0.214567
2.533 -0.214275
2.534 -0.213982
2.535 -0.213689
2.536 -0.213397
2.537 -0.213105
2.538 -0.212814
2.539 -0.212522
2.54 -0.212231
2.541 -0.21194
2.542 -0.211649
2.543 -0.211359
2.544 -0.211069
2.545 -0.210779
2.546 -0.210489
2.547 -0.2102
2.548 -0.20991
2.549 -0.209622
2.55 -0.209333
2.551 -0.209044
2.552 -0.208756
2.553 -0.208468
2.554 -0.208181
2.555 -0.207893
2.556 -0.207606
2.557 -0.207319
2.558 -0.207033
2.559 -0.206746
2.56 -0.20646
2.561 -0.206174
2.562 -0.205888
2.563 -0.205603
2.564 -0.205318
2.565 -0.205033
2.566 -0.204748
2.567 -0.204464
2.568 -0.20418
2.569 -0.203896
2.57 -0.203613
2.571 -0.203329
2.572 -0.203046
2.573 -0.202763
2.574 -0.202481
2.575 -0.202198
2.576 -0.201916
2.577 -0.201634
2.578 -0.201353
2.579 -0.201072
2.58 -0.200791
2.581 -0.20051
2.582 -0.200229
2.583 -0.199949
2.584 -0.199669
2.585 -0.199389
2.586 -0.19911
2.587 -0.19883
2.588 -0.198552
2.589 -0.198273
2.59 -0.197994
2.591 -0.197716
2.592 -0.197438
2.593 -0.19716
2.594 -0.196883
2.595 -0.196606
2.596 -0.196329
2.597 -0.196052
2.598 -0.195776
2.599 -0.1955
2.6 -0.195224
2.601 -0.194948
2.602 -0.194673
2.603 -0.194398
2.604 -0.194123
2.605 -0.193848
2.606 -0.193574
2.607 -0.1933
2.608 -0.193026
2.609 -0.192753
2.61 -0.192479
2.611 -0.192206
2.612 -0.191934
2.613 -0.191661
2.614 -0.191389
2.615 -0.191117
2.616 -0.190845
2.617 -0.190574
2.618 -0.190303
2.619 -0.190032
2.62 -0.189761
2.621 -0.189491
2.622 -0.189221
2.623 -0.188951
2.624 -0.188681
2.625 -0.188412
2.626 -0.188143
2.627 -0.187874
2.628 -0.187605
2.629 -0.187337
2.63 -0.187069
2.631 -0.186801
2.632 -0.186534
2.633 -0.186266
2.634 -0.185999
2.635 -0.185733
2.636 -0.185466
2.637 -0.1852
2.638 -0.184934
2.639 -0.184668
2.64 -0.184403
2.641 -0.184138
2.642 -0.183873
2.643 -0.183608
2.644 -0.183344
2.645 -0.18308
2.646 -0.182816
2.647 -0.182552
2.648 -0.182289
2.649 -0.182026
2.65 -0.181763
2.651 -0.181501
2.652 -0.181238
2.653 -0.180976
2.654 -0.180715
2.655 -0.180453
2.656 -0.180192
2.657 -0.179931
2.658 -0.179671
2.659 -0.17941
2.66 -0.17915
2.661 -0.17889
2.662 -0.17863
2.663 -0.178371
2.664 -0.178112
2.665 -0.177853
2.666 -0.177595
2.667 -0.177336
2.668 -0.177078
2.669 -0.176821
2.67 -0.176563
2.671 -0.176306
2.672 -0.176049
2.673 -0.175792
2.674 -0.175536
2.675 -0.17528
2.676 -0.175024
2.677 -0.174768
2.678 -0.174513
2.679 -0.174258
2.68 -0.174003
2.681 -0.173748
2.682 -0.173494
2.683 -0.17324
2.684 -0.172986
2.685 -0.172732
2.686 -0.172479
2.687 -0.172226
2.688 -0.171973
2.689 -0.171721
2.69 -0.171469
2.691 -0.171217
2.692 -0.170965
2.693 -0.170714
2.694 -0.170463
2.695 -0.170212
2.696 -0.169961
2.697 -0.169711
2.698 -0.169461
2.699 -0.169211
2.7 -0.168961
2.701 -0.168712
2.702 -0.168463
2.703 -0.168214
2.704 -0.167966
2.705 -0.167718
2.706 -0.16747
2.707 -0.167222
2.708 -0.166975
2.709 -0.166727
2.71 -0.166481
2.711 -0.166234
2.712 -0.165988
2.713 -0.165741
2.714 -0.165496
2.715 -0.16525
2.716 -0.165005
2.717 -0.16476
2.718 -0.164515
2.719 -0.16427
2.72 -0.164026
2.721 -0.163782
2.722 -0.163538
2.723 -0.163295
2.724 -0.163052
2.725 -0.162809
2.726 -0.162566
2.727 -0.162324
2.728 -0.162082
2.729 -0.16184
2.73 -0.161598
2.731 -0.161357
2.732 -0.161116
2.733 -0.160875
2.734 -0.160635
2.735 -0.160394
2.736 -0.160154
2.737 -0.159915
2.738 -0.159675
2.739 -0.159436
2.74 -0.159197
2.741 -0.158958
2.742 -0.15872
2.743 -0.158482
2.744 -0.158244
2.745 -0.158006
2.746 -0.157769
2.747 -0.157532
2.748 -0.157295
2.749 -0.157058
2.75 -0.156822
2.751 -0.156586
2.752 -0.15635
2.753 -0.156115
2.754 -0.155879
2.755 -0.155644
2.756 -0.15541
2.757 -0.155175
2.758 -0.154941
2.759 -0.154707
2.76 -0.154473
2.761 -0.15424
2.762 -0.154007
2.763 -0.153774
2.764 -0.153541
2.765 -0.153309
2.766 -0.153077
2.767 -0.152845
2.768 -0.152613
2.769 -0.152382
2.77 -0.152151
2.771 -0.15192
2.772 -0.15169
2.773 -0.15146
2.774 -0.15123
2.775 -0.151
2.776 -0.15077
2.777 -0.150541
2.778 -0.150312
2.779 -0.150084
2.78 -0.149855
2.781 -0.149627
2.782 -0.149399
2.783 -0.149171
2.784 -0.148944
2.785 -0.148717
2.786 -0.14849
2.787 -0.148264
2.788 -0.148037
2.789 -0.147811
2.79 -0.147585
2.791 -0.14736
2.792 -0.147135
2.793 -0.14691
2.794 -0.146685
2.795 -0.14646
2.796 -0.146236
2.797 -0.146012
2.798 -0.145788
2.799 -0.145565
2.8 -0.145342
2.801 -0.145119
2.802 -0.144896
2.803 -0.144674
2.804 -0.144452
2.805 -0.14423
2.806 -0.144008
2.807 -0.143787
2.808 -0.143566
2.809 -0.143345
2.81 -0.143124
2.811 -0.142904
2.812 -0.142684
2.813 -0.142464
2.814 -0.142245
2.815 -0.142025
2.816 -0.141806
2.817 -0.141587
2.818 -0.141369
2.819 -0.141151
2.82 -0.140933
2.821 -0.140715
2.822 -0.140498
2.823 -0.14028
2.824 -0.140063
2.825 -0.139847
2.826 -0.13963
2.827 -0.139414
2.828 -0.139198
2.829 -0.138982
2.83 -0.138767
2.831 -0.138552
2.832 -0.138337
2.833 -0.138122
2.834 -0.137908
2.835 -0.137694
2.836 -0.13748
2.837 -0.137266
2.838 -0.137053
2.839 -0.13684
2.84 -0.136627
2.841 -0.136415
2.842 -0.136202
2.843 -0.13599
2.844 -0.135778
2.845 -0.135567
2.846 -0.135356
2.847 -0.135145
2.848 -0.134934
2.849 -0.134723
2.85 -0.134513
2.851 -0.134303
2.852 -0.134093
2.853 -0.133884
2.854 -0.133674
2.855 -0.133465
2.856 -0.133257
2.857 -0.133048
2.858 -0.13284
2.859 -0.132632
2.86 -0.132424
2.861 -0.132217
2.862 -0.13201
2.863 -0.131803
2.864 -0.131596
2.865 -0.13139
2.866 -0.131183
2.867 -0.130977
2.868 -0.130772
2.869 -0.130566
2.87 -0.130361
2.871 -0.130156
2.872 -0.129952
2.873 -0.129747
2.874 -0.129543
2.875 -0.129339
2.876 -0.129135
2.877 -0.128932
2.878 -0.128729
2.879 -0.128526
2.88 -0.128323
2.881 -0.128121
2.882 -0.127919
2.883 -0.127717
2.884 -0.127515
2.885 -0.127314
2.886 -0.127113
2.887 -0.126912
2.888 -0.126711
2.889 -0.126511
2.89 -0.126311
2.891 -0.126111
2.892 -0.125911
2.893 -0.125712
2.894 -0.125513
2.895 -0.125314
2.896 -0.125115
2.897 -0.124917
2.898 -0.124719
2.899 -0.124521
2.9 -0.124323
2.901 -0.124126
2.902 -0.123929
2.903 -0.123732
2.904 -0.123535
2.905 -0.123339
2.906 -0.123143
2.907 -0.122947
2.908 -0.122751
2.909 -0.122556
2.91 -0.12236
2.911 -0.122166
2.912 -0.121971
2.913 -0.121776
2.914 -0.121582
2.915 -0.121388
2.916 -0.121195
2.917 -0.121001
2.918 -0.120808
2.919 -0.120615
2.92 -0.120423
2.921 -0.12023
2.922 -0.120038
2.923 -0.119846
2.924 -0.119654
2.925 -0.119463
2.926 -0.119272
2.927 -0.119081
2.928 -0.11889
2.929 -0.1187
2.93 -0.118509
2.931 -0.118319
2.932 -0.11813
2.933 -0.11794
2.934 -0.117751
2.935 -0.117562
2.936 -0.117373
2.937 -0.117185
2.938 -0.116996
2.939 -0.116808
2.94 -0.116621
2.941 -0.116433
2.942 -0.116246
2.943 -0.116059
2.944 -0.115872
2.945 -0.115685
2.946 -0.115499
2.947 -0.115313
2.948 -0.115127
2.949 -0.114941
2.95 -0.114756
2.951 -0.114571
2.952 -0.114386
2.953 -0.114202
2.954 -0.114017
2.955 -0.113833
2.956 -0.113649
2.957 -0.113465
2.958 -0.113282
2.959 -0.113099
2.96 -0.112916
2.961 -0.112733
2.962 -0.112551
2.963 -0.112368
2.964 -0.112186
2.965 -0.112005
2.966 -0.111823
2.967 -0.111642
2.968 -0.111461
2.969 -0.11128
2.97 -0.1111
2.971 -0.110919
2.972 -0.110739
2.973 -0.110559
2.974 -0.11038
2.975 -0.1102
2.976 -0.110021
2.977 -0.109842
2.978 -0.109664
2.979 -0.109485
2.98 -0.109307
2.981 -0.109129
2.982 -0.108951
2.983 -0.108774
2.984 -0.108597
2.985 -0.10842
2.986 -0.108243
2.987 -0.108066
2.988 -0.10789
2.989 -0.107714
2.99 -0.107538
2.991 -0.107363
2.992 -0.107187
2.993 -0.107012
2.994 -0.106837
2.995 -0.106663
2.996 -0.106488
2.997 -0.106314
2.998 -0.10614
2.999 -0.105967
3 -0.105793
3.001 -0.10562
3.002 -0.105447
3.003 -0.105274
3.004 -0.105101
3.005 -0.104929
3.006 -0.104757
3.007 -0.104585
3.008 -0.104414
3.009 -0.104242
3.01 -0.104071
3.011 -0.1039
3.012 -0.103729
3.013 -0.103559
3.014 -0.103389
3.015 -0.103219
3.016 -0.103049
3.017 -0.102879
3.018 -0.10271
3.019 -0.102541
3.02 -0.102372
3.021 -0.102204
3.022 -0.102035
3.023 -0.101867
3.024 -0.101699
3.025 -0.101531
3.026 -0.101364
3.027 -0.101197
3.028 -0.10103
3.029 -0.100863
3.03 -0.100696
3.031 -0.10053
3.032 -0.100364
3.033 -0.100198
3.034 -0.100032
3.035 -0.099867
3.036 -0.0997018
3.037 -0.0995368
3.038 -0.0993721
3.039 -0.0992075
3.04 -0.0990433
3.041 -0.0988792
3.042 -0.0987154
3.043 -0.0985517
3.044 -0.0983883
3.045 -0.0982252
3.046 -0.0980622
3.047 -0.0978995
3.048 -0.097737
3.049 -0.0975748
3.05 -0.0974127
3.051 -0.0972509
3.052 -0.0970893
3.053 -0.096928
3.054 -0.0967668
3.055 -0.0966059
3.056 -0.0964452
3.057 -0.0962847
3.058 -0.0961244
3.059 -0.0959644
3.06 -0.0958046
3.061 -0.095645
3.062 -0.0954856
3.063 -0.0953265
3.064 -0.0951676
3.065 -0.0950089
3.066 -0.0948504
3.067 -0.0946921
3.068 -0.0945341
3.069 -0.0943763
3.07 -0.0942187
3.071 -0.0940613
3.072 -0.0939041
3.073 -0.0937472
3.074 -0.0935905
3.075 -0.093434
3.076 -0.0932777
3.077 -0.0931216
3.078 -0.0929658
3.079 -0.0928102
3.08 -0.0926548
3.081 -0.0924996
3.082 -0.0923446
3.083 -0.0921899
3.084 -0.0920353
3.085 -0.091881
3.086 -0.0917269
3.087 -0.091573
3.088 -0.0914194
3.089 -0.0912659
3.09 -0.0911127
3.091 -0.0909597
3.092 -0.0908069
3.093 -0.0906543
3.094 -0.0905019
3.095 -0.0903498
3.096 -0.0901978
3.097 -0.0900461
3.098 -0.0898946
3.099 -0.0897433
3.1 -0.0895922
3.101 -0.0894414
3.102 -0.0892907
3.103 -0.0891403
3.104 -0.08899
3.105 -0.08884
3.106 -0.0886902
3.107 -0.0885407
3.108 -0.0883913
3.109 -0.0882421
3.11 -0.0880932
3.111 -0.0879445
3.112 -0.0877959
3.113 -0.0876476
3.114 -0.0874995
3.115 -0.0873516
3.116 -0.087204
3.117 -0.0870565
3.118 -0.0869092
3.119 -0.0867622
3.12 -0.0866154
3.121 -0.0864688
3.122 -0.0863223
3.123 -0.0861761
3.124 -0.0860302
3.125 -0.0858844
3.126 -0.0857388
3.127 -0.0855934
3.128 -0.0854483
3.129 -0.0853033
3.13 -0.0851586
3.131 -0.0850141
3.132 -0.0848698
3.133 -0.0847256
3.134 -0.0845817
3.135 -0.084438
3.136 -0.0842945
3.137 -0.0841513
3.138 -0.0840082
3.139 -0.0838653
3.14 -0.0837227
3.141 -0.0835802
3.142 -0.083438
3.143 -0.0832959
3.144 -0.0831541
3.145 -0.0830124
3.146 -0.082871
3.147 -0.0827298
3.148 -0.0825888
3.149 -0.082448
3.15 -0.0823073
3.151 -0.0821669
3.152 -0.0820267
3.153 -0.0818867
3.154 -0.0817469
3.155 -0.0816074
3.156 -0.081468
3.157 -0.0813288
3.158 -0.0811898
3.159 -0.081051
3.16 -0.0809125
3.161 -0.0807741
3.162 -0.0806359
3.163 -0.0804979
3.164 -0.0803602
3.165 -0.0802226
3.166 -0.0800852
3.167 -0.0799481
3.168 -0.0798111
3.169 -0.0796744
3.17 -0.0795378
3.171 -0.0794014
3.172 -0.0792653
3.173 -0.0791293
3.174 -0.0789935
3.175 -0.078858
3.176 -0.0787226
3.177 -0.0785875
3.178 -0.0784525
3.179 -0.0783177
3.18 -0.0781831
3.181 -0.0780488
3.182 -0.0779146
3.183 -0.0777806
3.184 -0.0776469
3.185 -0.0775133
3.186 -0.0773799
3.187 -0.0772467
3.188 -0.0771137
3.189 -0.0769809
3.19 -0.0768483
3.191 -0.0767159
3.192 -0.0765837
3.193 -0.0764517
3.194 -0.0763199
3.195 -0.0761883
3.196 -0.0760569
3.197 -0.0759256
3.198 -0.0757946
3.199 -0.0756638
3.2 -0.0755331
3.201 -0.0754027
3.202 -0.0752724
3.203 -0.0751423
3.204 -0.0750125
3.205 -0.0748828
3.206 -0.0747533
3.207 -0.074624
3.208 -0.0744949
3.209 -0.074366
3.21 -0.0742373
3.211 -0.0741088
3.212 -0.0739805
3.213 -0.0738523
3.214 -0.0737244
3.215 -0.0735966
3.216 -0.0734691
3.217 -0.0733417
3.218 -0.0732145
3.219 -0.0730875
3.22 -0.0729607
3.221 -0.0728341
3.222 -0.0727077
3.223 -0.0725814
3.224 -0.0724554
3.225 -0.0723295
3.226 -0.0722039
3.227 -0.0720784
3.228 -0.0719531
3.229 -0.071828
3.23 -0.0717031
3.231 -0.0715784
3.232 -0.0714538
3.233 -0.0713295
3.234 -0.0712053
3.235 -0.0710814
3.236 -0.0709576
3.237 -0.070834
3.238 -0.0707106
3.239 -0.0705873
3.24 -0.0704643
3.241 -0.0703414
3.242 -0.0702188
3.243 -0.0700963
3.244 -0.069974
3.245 -0.0698519
3.246 -0.0697299
3.247 -0.0696082
3.248 -0.0694866
3.249 -0.0693653
3.25 -0.0692441
3.251 -0.0691231
3.252 -0.0690022
3.253 -0.0688816
3.254 -0.0687611
3.255 -0.0686409
3.256 -0.0685208
3.257 -0.0684009
3.258 -0.0682811
3.259 -0.0681616
3.26 -0.0680422
3.261 -0.067923
3.262 -0.067804
3.263 -0.0676852
3.264 -0.0675666
3.265 -0.0674481
3.266 -0.0673299
3.267 -0.0672118
3.268 -0.0670938
3.269 -0.0669761
3.27 -0.0668586
3.271 -0.0667412
3.272 -0.066624
3.273 -0.066507
3.274 -0.0663901
3.275 -0.0662735
3.276 -0.066157
3.277 -0.0660407
3.278 -0.0659246
3.279 -0.0658086
3.28 -0.0656929
3.281 -0.0655773
3.282 -0.0654619
3.283 -0.0653466
3.284 -0.0652316
3.285 -0.0651167
3.286 -0.065002
3.287 -0.0648875
3.288 -0.0647731
3.289 -0.0646589
3.29 -0.0645449
3.291 -0.0644311
3.292 -0.0643175
3.293 -0.064204
3.294 -0.0640907
3.295 -0.0639776
3.296 -0.0638646
3.297 -0.0637519
3.298 -0.0636393
3.299 -0.0635268
3.3 -0.0634146
3.301 -0.0633025
3.302 -0.0631906
3.303 -0.0630789
3.304 -0.0629673
3.305 -0.0628559
3.306 -0.0627447
3.307 -0.0626337
3.308 -0.0625228
3.309 -0.0624121
3.31 -0.0623016
3.311 -0.0621912
3.312 -0.062081
3.313 -0.061971
3.314 -0.0618612
3.315 -0.0617515
3.316 -0.061642
3.317 -0.0615327
3.318 -0.0614235
3.319 -0.0613146
3.32 -0.0612057
3.321 -0.0610971
3.322 -0.0609886
3.323 -0.0608803
3.324 -0.0607722
3.325 -0.0606642
3.326 -0.0605564
3.327 -0.0604488
3.328 -0.0603413
3.329 -0.060234
3.33 -0.0601269
3.331 -0.0600199
3.332 -0.0599131
3.333 -0.0598065
3.334 -0.0597
3.335 -0.0595937
3.336 -0.0594876
3.337 -0.0593816
3.338 -0.0592758
3.339 -0.0591702
3.34 -0.0590647
3.341 -0.0589594
3.342 -0.0588543
3.343 -0.0587493
3.344 -0.0586445
3.345 -0.0585399
3.346 -0.0584354
3.347 -0.0583311
3.348 -0.058227
3.349 -0.058123
3.35 -0.0580192
3.351 -0.0579155
3.352 -0.057812
3.353 -0.0577087
3.354 -0.0576055
3.355 -0.0575025
3.356 -0.0573997
3.357 -0.057297
3.358 -0.0571945
3.359 -0.0570921
3.36 -0.0569899
3.361 -0.0568879
3.362 -0.056786
3.363 -0.0566843
3.364 -0.0565828
3.365 -0.0564814
3.366 -0.0563802
3.367 -0.0562791
3.368 -0.0561782
3.369 -0.0560775
3.37 -0.0559769
3.371 -0.0558765
3.372 -0.0557762
3.373 -0.0556761
3.374 -0.0555761
3.375 -0.0554763
3.376 -0.0553767
3.377 -0.0552772
3.378 -0.0551779
3.379 -0.0550788
3.38 -0.0549798
3.381 -0.0548809
3.382 -0.0547822
3.383 -0.0546837
3.384 -0.0545853
3.385 -0.0544871
3.386 -0.0543891
3.387 -0.0542912
3.388 -0.0541934
3.389 -0.0540958
3.39 -0.0539984
3.391 -0.0539011
3.392 -0.053804
3.393 -0.0537071
3.394 -0.0536102
3.395 -0.0535136
3.396 -0.0534171
3.397 -0.0533207
3.398 -0.0532245
3.399 -0.0531285
3.4 -0.0530326
3.401 -0.0529369
3.402 -0.0528413
3.403 -0.0527459
3.404 -0.0526506
3.405 -0.0525555
3.406 -0.0524605
3.407 -0.0523657
3.408 -0.0522711
3.409 -0.0521766
3.41 -0.0520822
3.411 -0.051988
3.412 -0.0518939
3.413 -0.0518
3.414 -0.0517063
3.415 -0.0516127
3.416 -0.0515192
3.417 -0.0514259
3.418 -0.0513328
3.419 -0.0512398
3.42 -0.0511469
3.421 -0.0510542
3.422 -0.0509617
3.423 -0.0508693
3.424 -0.050777
3.425 -0.0506849
3.426 -0.050593
3.427 -0.0505012
3.428 -0.0504095
3.429 -0.050318
3.43 -0.0502267
3.431 -0.0501355
3.432 -0.0500444
3.433 -0.0499535
3.434 -0.0498627
3.435 -0.0497721
3.436 -0.0496816
3.437 -0.0495913
3.438 -0.0495011
3.439 -0.0494111
3.44 -0.0493212
3.441 -0.0492314
3.442 -0.0491418
3.443 -0.0490524
3.444 -0.0489631
3.445 -0.0488739
3.446 -0.0487849
3.447 -0.048696
3.448 -0.0486073
3.449 -0.0485187
3.45 -0.0484303
3.451 -0.048342
3.452 -0.0482538
3.453 -0.0481658
3.454 -0.048078
3.455 -0.0479902
3.456 -0.0479027
3.457 -0.0478152
3.458 -0.0477279
3.459 -0.0476408
3.46 -0.0475538
3.461 -0.0474669
3.462 -0.0473802
3.463 -0.0472936
3.464 -0.0472072
3.465 -0.0471209
3.466 -0.0470347
3.467 -0.0469487
3.468 -0.0468628
3.469 -0.0467771
3.47 -0.0466915
3.471 -0.0466061
3.472 -0.0465208
3.473 -0.0464356
3.474 -0.0463505
3.475 -0.0462657
3.476 -0.0461809
3.477 -0.0460963
3.478 -0.0460118
3.479 -0.0459275
3.48 -0.0458433
3.481 -0.0457592
3.482 -0.0456753
3.483 -0.0455915
3.484 -0.0455079
3.485 -0.0454243
3.486 -0.045341
3.487 -0.0452577
3.488 -0.0451746
3.489 -0.0450917
3.49 -0.0450089
3.491 -0.0449262
3.492 -0.0448436
3.493 -0.0447612
3.494 -0.0446789
3.495 -0.0445968
3.496 -0.0445148
3.497 -0.0444329
3.498 -0.0443512
3.499 -0.0442696
3.5 -0.0441881
3.501 -0.0441068
3.502 -0.0440256
3.503 -0.0439445
3.504 -0.0438636
3.505 -0.0437828
3.506 -0.0437021
3.507 -0.0436216
3.508 -0.0435412
3.509 -0.043461
3.51 -0.0433808
3.511 -0.0433008
3.512 -0.043221
3.513 -0.0431413
3.514 -0.0430617
3.515 -0.0429822
3.516 -0.0429029
3.517 -0.0428237
3.518 -0.0427446
3.519 -0.0426657
3.52 -0.0425869
3.521 -0.0425082
3.522 -0.0424296
3.523 -0.0423512
3.524 -0.0422729
3.525 -0.0421948
3.526 -0.0421168
3.527 -0.0420389
3.528 -0.0419611
3.529 -0.0418835
3.53 -0.041806
3.531 -0.0417286
3.532 -0.0416514
3.533 -0.0415742
3.534 -0.0414973
3.535 -0.0414204
3.536 -0.0413437
3.537 -0.0412671
3.538 -0.0411906
3.539 -0.0411143
3.54 -0.041038
3.541 -0.0409619
3.542 -0.040886
3.543 -0.0408101
3.544 -0.0407344
3.545 -0.0406589
3.546 -0.0405834
3.547 -0.0405081
3.548 -0.0404329
3.549 -0.0403578
3.55 -0.0402828
3.551 -0.040208
3.552 -0.0401333
3.553 -0.0400588
3.554 -0.0399843
3.555 -0.03991
3.556 -0.0398358
3.557 -0.0397617
3.558 -0.0396878
3.559 -0.0396139
3.56 -0.0395402
3.561 -0.0394667
3.562 -0.0393932
3.563 -0.0393199
3.564 -0.0392467
3.565 -0.0391736
3.566 -0.0391006
3.567 -0.0390278
3.568 -0.0389551
3.569 -0.0388825
3.57 -0.03881
3.571 -0.0387377
3.572 -0.0386655
3.573 -0.0385934
3.574 -0.0385214
3.575 -0.0384495
3.576 -0.0383778
3.577 -0.0383062
3.578 -0.0382347
3.579 -0.0381633
3.58 -0.038092
3.581 -0.0380209
3.582 -0.0379499
3.583 -0.037879
3.584 -0.0378082
3.585 -0.0377376
3.586 -0.0376671
3.587 -0.0375966
3.588 -0.0375263
3.589 -0.0374562
3.59 -0.0373861
3.591 -0.0373162
3.592 -0.0372464
3.593 -0.0371767
3.594 -0.0371071
3.595 -0.0370376
3.596 -0.0369683
3.597 -0.0368991
3.598 -0.0368299
3.599 -0.036761
3.6 -0.0366921
3.601 -0.0366233
3.602 -0.0365547
3.603 -0.0364862
3.604 -0.0364178
3.605 -0.0363495
3.606 -0.0362813
3.607 -0.0362132
3.608 -0.0361453
3.609 -0.0360775
3.61 -0.0360098
3.611 -0.0359422
3.612 -0.0358747
3.613 -0.0358073
3.614 -0.0357401
3.615 -0.0356729
3.616 -0.0356059
3.617 -0.035539
3.618 -0.0354722
3.619 -0.0354055
3.62 -0.035339
3.621 -0.0352725
3.622 -0.0352062
3.623 -0.03514
3.624 -0.0350739
3.625 -0.0350079
3.626 -0.034942
3.627 -0.0348762
3.628 -0.0348106
3.629 -0.034745
3.63 -0.0346796
3.631 -0.0346143
3.632 -0.0345491
3.633 -0.034484
3.634 -0.034419
3.635 -0.0343541
3.636 -0.0342894
3.637 -0.0342247
3.638 -0.0341602
3.639 -0.0340957
3.64 -0.0340314
3.641 -0.0339672
3.642 -0.0339031
3.643 -0.0338391
3.644 -0.0337753
3.645 -0.0337115
3.646 -0.0336478
3.647 -0.0335843
3.648 -0.0335209
3.649 -0.0334575
3.65 -0.0333943
3.651 -0.0333312
3.652 -0.0332682
3.653 -0.0332053
3.654 -0.0331425
3.655 -0.0330799
3.656 -0.0330173
3.657 -0.0329548
3.658 -0.0328925
3.659 -0.0328302
3.66 -0.0327681
3.661 -0.0327061
3.662 -0.0326442
3.663 -0.0325823
3.664 -0.0325206
3.665 -0.032459
3.666 -0.0323975
3.667 -0.0323362
3.668 -0.0322749
3.669 -0.0322137
3.67 -0.0321526
3.671 -0.0320917
3.672 -0.0320308
3.673 -0.0319701
3.674 -0.0319094
3.675 -0.0318489
3.676 -0.0317884
3.677 -0.0317281
3.678 -0.0316679
3.679 -0.0316078
3.68 -0.0315477
3.681 -0.0314878
3.682 -0.031428
3.683 -0.0313683
3.684 -0.0313087
3.685 -0.0312492
3.686 -0.0311898
3.687 -0.0311305
3.688 -0.0310713
3.689 -0.0310122
3.69 -0.0309533
3.691 -0.0308944
3.692 -0.0308356
3.693 -0.0307769
3.694 -0.0307184
3.695 -0.0306599
3.696 -0.0306015
3.697 -0.0305432
3.698 -0.0304851
3.699 -0.030427
3.7 -0.0303691
3.701 -0.0303112
3.702 -0.0302534
3.703 -0.0301958
3.704 -0.0301382
3.705 -0.0300808
3.706 -0.0300234
3.707 -0.0299661
3.708 -0.029909
3.709 -0.0298519
3.71 -0.029795
3.711 -0.0297381
3.712 -0.0296813
3.713 -0.0296247
3.714 -0.0295681
3.715 -0.0295117
3.716 -0.0294553
3.717 -0.029399
3.718 -0.0293429
3.719 -0.0292868
3.72 -0.0292308
3.721 -0.029175
3.722 -0.0291192
3.723 -0.0290635
3.724 -0.0290079
3.725 -0.0289525
3.726 -0.0288971
3.727 -0.0288418
3.728 -0.0287866
3.729 -0.0287315
3.73 -0.0286765
3.731 -0.0286216
3.732 -0.0285668
3.733 -0.0285121
3.734 -0.0284575
3.735 -0.028403
3.736 -0.0283486
3.737 -0.0282943
3.738 -0.02824
3.739 -0.0281859
3.74 -0.0281319
3.741 -0.0280779
3.742 -0.0280241
3.743 -0.0279703
3.744 -0.0279167
3.745 -0.0278631
3.746 -0.0278097
3.747 -0.0277563
3.748 -0.027703
3.749 -0.0276498
3.75 -0.0275967
3.751 -0.0275438
3.752 -0.0274909
3.753 -0.027438
3.754 -0.0273853
3.755 -0.0273327
3.756 -0.0272802
3.757 -0.0272277
3.758 -0.0271754
3.759 -0.0271232
3.76 -0.027071
3.761 -0.0270189
3.762 -0.026967
3.763 -0.0269151
3.764 -0.0268633
3.765 -0.0268116
3.766 -0.02676
3.767 -0.0267085
3.768 -0.026657
3.769 -0.0266057
3.77 -0.0265545
3.771 -0.0265033
3.772 -0.0264523
3.773 -0.0264013
3.774 -0.0263504
3.775 -0.0262996
3.776 -0.0262489
3.777 -0.0261983
3.778 -0.0261478
3.779 -0.0260974
3.78 -0.026047
3.781 -0.0259968
3.782 -0.0259466
3.783 -0.0258966
3.784 -0.0258466
3.785 -0.0257967
3.786 -0.0257469
3.787 -0.0256972
3.788 -0.0256476
3.789 -0.025598
3.79 -0.0255486
3.791 -0.0254992
3.792 -0.0254499
3.793 -0.0254007
3.794 -0.0253516
3.795 -0.0253026
3.796 -0.0252537
3.797 -0.0252049
3.798 -0.0251561
3.799 -0.0251075
3.8 -0.0250589
3.801 -0.0250104
3.802 -0.024962
3.803 -0.0249137
3.804 -0.0248655
3.805 -0.0248173
3.806 -0.0247693
3.807 -0.0247213
3.808 -0.0246734
3.809 -0.0246256
3.81 -0.0245779
3.811 -0.0245303
3.812 -0.0244827
3.813 -0.0244353
3.814 -0.0243879
3.815 -0.0243406
3.816 -0.0242934
3.817 -0.0242463
3.818 -0.0241993
3.819 -0.0241523
3.82 -0.0241055
3.821 -0.0240587
3.822 -0.024012
3.823 -0.0239654
3.824 -0.0239188
3.825 -0.0238724
3.826 -0.023826
3.827 -0.0237797
3.828 -0.0237335
3.829 -0.0236874
3.83 -0.0236414
3.831 -0.0235955
3.832 -0.0235496
3.833 -0.0235038
3.834 -0.0234581
3.835 -0.0234125
3.836 -0.023367
3.837 -0.0233215
3.838 -0.0232761
3.839 -0.0232308
3.84 -0.0231856
3.841 -0.0231405
3.842 -0.0230955
3.843 -0.0230505
3.844 -0.0230056
3.845 -0.0229608
3.846 -0.0229161
3.847 -0.0228714
3.848 -0.0228269
3.849 -0.0227824
3.85 -0.022738
3.851 -0.0226937
3.852 -0.0226494
3.853 -0.0226053
3.854 -0.0225612
3.855 -0.0225172
3.856 -0.0224733
3.857 -0.0224294
3.858 -0.0223857
3.859 -0.022342
3.86 -0.0222984
3.861 -0.0222549
3.862 -0.0222114
3.863 -0.022168
3.864 -0.0221248
3.865 -0.0220815
3.866 -0.0220384
3.867 -0.0219954
3.868 -0.0219524
3.869 -0.0219095
3.87 -0.0218667
3.871 -0.0218239
3.872 -0.0217813
3.873 -0.0217387
3.874 -0.0216962
3.875 -0.0216537
3.876 -0.0216114
3.877 -0.0215691
3.878 -0.0215269
3.879 -0.0214848
3.88 -0.0214427
3.881 -0.0214007
3.882 -0.0213588
3.883 -0.021317
3.884 -0.0212753
3.885 -0.0212336
3.886 -0.021192
3.887 -0.0211505
3.888 -0.021109
3.889 -0.0210677
3.89 -0.0210264
3.891 -0.0209852
3.892 -0.020944
3.893 -0.020903
3.894 -0.020862
3.895 -0.020821
3.896 -0.0207802
3.897 -0.0207394
3.898 -0.0206987
3.899 -0.0206581
3.9 -0.0206176
3.901 -0.0205771
3.902 -0.0205367
3.903 -0.0204964
3.904 -0.0204561
3.905 -0.0204159
3.906 -0.0203758
3.907 -0.0203358
3.908 -0.0202959
3.909 -0.020256
3.91 -0.0202162
3.911 -0.0201764
3.912 -0.0201368
3.913 -0.0200972
3.914 -0.0200576
3.915 -0.0200182
3.916 -0.0199788
3.917 -0.0199395
3.918 -0.0199003
3.919 -0.0198611
3.92 -0.019822
3.921 -0.019783
3.922 -0.0197441
3.923 -0.0197052
3.924 -0.0196664
3.925 -0.0196276
3.926 -0.019589
3.927 -0.0195504
3.928 -0.0195119
3.929 -0.0194734
3.93 -0.019435
3.931 -0.0193967
3.932 -0.0193585
3.933 -0.0193203
3.934 -0.0192822
3.935 -0.0192442
3.936 -0.0192062
3.937 -0.0191684
3.938 -0.0191305
3.939 -0.0190928
3.94 -0.0190551
3.941 -0.0190175
3.942 -0.01898
3.943 -0.0189425
3.944 -0.0189051
3.945 -0.0188678
3.946 -0.0188305
3.947 -0.0187933
3.948 -0.0187562
3.949 -0.0187191
3.95 -0.0186821
3.951 -0.0186452
3.952 -0.0186083
3.953 -0.0185715
3.954 -0.0185348
3.955 -0.0184982
3.956 -0.0184616
3.957 -0.0184251
3.958 -0.0183886
3.959 -0.0183522
3.96 -0.0183159
3.961 -0.0182797
3.962 -0.0182435
3.963 -0.0182074
3.964 -0.0181713
3.965 -0.0181353
3.966 -0.0180994
3.967 -0.0180636
3.968 -0.0180278
3.969 -0.0179921
3.97 -0.0179564
3.971 -0.0179208
3.972 -0.0178853
3.973 -0.0178499
3.974 -0.0178145
3.975 -0.0177792
3.976 -0.0177439
3.977 -0.0177087
3.978 -0.0176736
3.979 -0.0176385
3.98 -0.0176035
3.981 -0.0175686
3.982 -0.0175337
3.983 -0.0174989
3.984 -0.0174642
3.985 -0.0174295
3.986 -0.0173949
3.987 -0.0173604
3.988 -0.0173259
3.989 -0.0172915
3.99 -0.0172571
3.991 -0.0172228
3.992 -0.0171886
3.993 -0.0171544
3.994 -0.0171203
3.995 -0.0170863
3.996 -0.0170523
3.997 -0.0170184
3.998 -0.0169846
3.999 -0.0169508
4 -0.0169171
4.001 -0.0168834
4.002 -0.0168498
4.003 -0.0168163
4.004 -0.0167828
4.005 -0.0167494
4.006 -0.0167161
4.007 -0.0166828
4.008 -0.0166496
4.009 -0.0166164
4.01 -0.0165833
4.011 -0.0165503
4.012 -0.0165173
4.013 -0.0164844
4.014 -0.0164515
4.015 -0.0164187
4.016 -0.016386
4.017 -0.0163533
4.018 -0.0163207
4.019 -0.0162882
4.02 -0.0162557
4.021 -0.0162233
4.022 -0.0161909
4.023 -0.0161586
4.024 -0.0161264
4.025 -0.0160942
4.026 -0.016062
4.027 -0.01603
4.028 -0.015998
4.029 -0.015966
4.03 -0.0159342
4.031 -0.0159023
4.032 -0.0158706
4.033 -0.0158389
4.034 -0.0158072
4.035 -0.0157756
4.036 -0.0157441
4.037 -0.0157126
4.038 -0.0156812
4.039 -0.0156499
4.04 -0.0156186
4.041 -0.0155873
4.042 -0.0155562
4.043 -0.015525
4.044 -0.015494
4.045 -0.015463
4.046 -0.015432
4.047 -0.0154012
4.048 -0.0153703
4.049 -0.0153396
4.05 -0.0153089
4.051 -0.0152782
4.052 -0.0152476
4.053 -0.0152171
4.054 -0.0151866
4.055 -0.0151562
4.056 -0.0151258
4.057 -0.0150955
4.058 -0.0150652
4.059 -0.015035
4.06 -0.0150049
4.061 -0.0149748
4.062 -0.0149448
4.063 -0.0149148
4.064 -0.0148849
4.065 -0.0148551
4.066 -0.0148253
4.067 -0.0147955
4.068 -0.0147658
4.069 -0.0147362
4.07 -0.0147066
4.071 -0.0146771
4.072 -0.0146476
4.073 -0.0146182
4.074 -0.0145889
4.075 -0.0145596
4.076 -0.0145303
4.077 -0.0145011
4.078 -0.014472
4.079 -0.0144429
4.08 -0.0144139
4.081 -0.0143849
4.082 -0.014356
4.083 -0.0143271
4.084 -0.0142983
4.085 -0.0142696
4.086 -0.0142409
4.087 -0.0142122
4.088 -0.0141837
4.089 -0.0141551
4.09 -0.0141266
4.091 -0.0140982
4.092 -0.0140698
4.093 -0.0140415
4.094 -0.0140133
4.095 -0.013985
4.096 -0.0139569
4.097 -0.0139288
4.098 -0.0139007
4.099 -0.0138727
4.1 -0.0138448
4.101 -0.0138169
4.102 -0.013789
4.103 -0.0137613
4.104 -0.0137335
4.105 -0.0137058
4.106 -0.0136782
4.107 -0.0136506
4.108 -0.0136231
4.109 -0.0135956
4.11 -0.0135682
4.111 -0.0135408
4.112 -0.0135135
4.113 -0.0134863
4.114 -0.013459
4.115 -0.0134319
4.116 -0.0134048
4.117 -0.0133777
4.118 -0.0133507
4.119 -0.0133237
4.12 -0.0132968
4.121 -0.01327
4.122 -0.0132432
4.123 -0.0132164
4.124 -0.0131897
4.125 -0.0131631
4.126 -0.0131365
4.127 -0.0131099
4.128 -0.0130834
4.129 -0.013057
4.13 -0.0130306
4.131 -0.0130042
4.132 -0.0129779
4.133 -0.0129517
4.134 -0.0129255
4.135 -0.0128993
4.136 -0.0128732
4.137 -0.0128472
4.138 -0.0128212
4.139 -0.0127952
4.14 -0.0127693
4.141 -0.0127435
4.142 -0.0127177
4.143 -0.0126919
4.144 -0.0126662
4.145 -0.0126406
4.146 -0.012615
4.147 -0.0125894
4.148 -0.0125639
4.149 -0.0125384
4.15 -0.012513
4.151 -0.0124877
4.152 -0.0124623
4.153 -0.0124371
4.154 -0.0124119
4.155 -0.0123867
4.156 -0.0123616
4.157 -0.0123365
4.158 -0.0123115
4.159 -0.0122865
4.16 -0.0122616
4.161 -0.0122367
4.162 -0.0122118
4.163 -0.0121871
4.164 -0.0121623
4.165 -0.0121376
4.166 -0.012113
4.167 -0.0120884
4.168 -0.0120638
4.169 -0.0120393
4.17 -0.0120149
4.171 -0.0119905
4.172 -0.0119661
4.173 -0.0119418
4.174 -0.0119175
4.175 -0.0118933
4.176 -0.0118691
4.177 -0.011845
4.178 -0.0118209
4.179 -0.0117969
4.18 -0.0117729
4.181 -0.0117489
4.182 -0.011725
4.183 -0.0117012
4.184 -0.0116774
4.185 -0.0116536
4.186 -0.0116299
4.187 -0.0116062
4.188 -0.0115826
4.189 -0.011559
4.19 -0.0115355
4.191 -0.011512
4.192 -0.0114885
4.193 -0.0114651
4.194 -0.0114418
4.195 -0.0114185
4.196 -0.0113952
4.197 -0.011372
4.198 -0.0113488
4.199 -0.0113257
4.2 -0.0113026
4.201 -0.0112795
4.202 -0.0112565
4.203 -0.0112336
4.204 -0.0112107
4.205 -0.0111878
4.206 -0.011165
4.207 -0.0111422
4.208 -0.0111195
4.209 -0.0110968
4.21 -0.0110741
4.211 -0.0110515
4.212 -0.011029
4.213 -0.0110065
4.214 -0.010984
4.215 -0.0109616
4.216 -0.0109392
4.217 -0.0109168
4.218 -0.0108945
4.219 -0.0108723
4.22 -0.0108501
4.221 -0.0108279
4.222 -0.0108058
4.223 -0.0107837
4.224 -0.0107616
4.225 -0.0107396
4.226 -0.0107177
4.227 -0.0106958
4.228 -0.0106739
4.229 -0.0106521
4.23 -0.0106303
4.231 -0.0106085
4.232 -0.0105868
4.233 -0.0105652
4.234 -0.0105435
4.235 -0.010522
4.236 -0.0105004
4.237 -0.0104789
4.238 -0.0104575
4.239 -0.0104361
4.24 -0.0104147
4.241 -0.0103934
4.242 -0.0103721
4.243 -0.0103508
4.244 -0.0103296
4.245 -0.0103085
4.246 -0.0102873
4.247 -0.0102663
4.248 -0.0102452
4.249 -0.0102242
4.25 -0.0102033
4.251 -0.0101823
4.252 -0.0101615
4.253 -0.0101406
4.254 -0.0101198
4.255 -0.0100991
4.256 -0.0100784
4.257 -0.0100577
4.258 -0.010037
4.259 -0.0100164
4.26 -0.00999588
4.261 -0.00997537
4.262 -0.00995489
4.263 -0.00993445
4.264 -0.00991406
4.265 -0.0098937
4.266 -0.00987338
4.267 -0.0098531
4.268 -0.00983286
4.269 -0.00981266
4.27 -0.0097925
4.271 -0.00977238
4.272 -0.0097523
4.273 -0.00973226
4.274 -0.00971225
4.275 -0.00969229
4.276 -0.00967236
4.277 -0.00965247
4.278 -0.00963262
4.279 -0.00961281
4.28 -0.00959304
4.281 -0.00957331
4.282 -0.00955361
4.283 -0.00953396
4.284 -0.00951434
4.285 -0.00949476
4.286 -0.00947522
4.287 -0.00945571
4.288 -0.00943625
4.289 -0.00941682
4.29 -0.00939743
4.291 -0.00937808
4.292 -0.00935877
4.293 -0.00933949
4.294 -0.00932025
4.295 -0.00930105
4.296 -0.00928189
4.297 -0.00926276
4.298 -0.00924367
4.299 -0.00922462
4.3 -0.0092056
4.301 -0.00918663
4.302 -0.00916769
4.303 -0.00914878
4.304 -0.00912992
4.305 -0.00911109
4.306 -0.00909229
4.307 -0.00907354
4.308 -0.00905482
4.309 -0.00903614
4.31 -0.00901749
4.311 -0.00899888
4.312 -0.00898031
4.313 -0.00896177
4.314 -0.00894327
4.315 -0.00892481
4.316 -0.00890638
4.317 -0.00888799
4.318 -0.00886963
4.319 -0.00885131
4.32 -0.00883303
4.321 -0.00881478
4.322 -0.00879657
4.323 -0.00877839
4.324 -0.00876025
4.325 -0.00874214
4.326 -0.00872407
4.327 -0.00870604
4.328 -0.00868804
4.329 -0.00867007
4.33 -0.00865214
4.331 -0.00863425
4.332 -0.00861639
4.333 -0.00859857
4.334 -0.00858078
4.335 -0.00856303
4.336 -0.00854531
4.337 -0.00852762
4.338 -0.00850997
4.339 -0.00849236
4.34 -0.00847478
4.341 -0.00845723
4.342 -0.00843972
4.343 -0.00842225
4.344 -0.00840481
4.345 -0.0083874
4.346 -0.00837002
4.347 -0.00835268
4.348 -0.00833538
4.349 -0.00831811
4.35 -0.00830087
4.351 -0.00828367
4.352 -0.0082665
4.353 -0.00824936
4.354 -0.00823226
4.355 -0.00821519
4.356 -0.00819816
4.357 -0.00818116
4.358 -0.00816419
4.359 -0.00814725
4.36 -0.00813035
4.361 -0.00811348
4.362 -0.00809665
4.363 -0.00807985
4.364 -0.00806308
4.365 -0.00804635
4.366 -0.00802964
4.367 -0.00801298
4.368 -0.00799634
4.369 -0.00797974
4.37 -0.00796317
4.371 -0.00794663
4.372 -0.00793012
4.373 -0.00791365
4.374 -0.00789721
4.375 -0.0078808
4.376 -0.00786443
4.377 -0.00784808
4.378 -0.00783177
4.379 -0.00781549
4.38 -0.00779925
4.381 -0.00778303
4.382 -0.00776685
4.383 -0.0077507
4.384 -0.00773458
4.385 -0.0077185
4.386 -0.00770244
4.387 -0.00768642
4.388 -0.00767043
4.389 -0.00765447
4.39 -0.00763854
4.391 -0.00762264
4.392 -0.00760678
4.393 -0.00759095
4.394 -0.00757514
4.395 -0.00755937
4.396 -0.00754363
4.397 -0.00752792
4.398 -0.00751225
4.399 -0.0074966
4.4 -0.00748098
4.401 -0.0074654
4.402 -0.00744985
4.403 -0.00743432
4.404 -0.00741883
4.405 -0.00740337
4.406 -0.00738794
4.407 -0.00737254
4.408 -0.00735717
4.409 -0.00734183
4.41 -0.00732652
4.411 -0.00731125
4.412 -0.007296
4.413 -0.00728078
4.414 -0.00726559
4.415 -0.00725044
4.416 -0.00723531
4.417 -0.00722021
4.418 -0.00720514
4.419 -0.00719011
4.42 -0.0071751
4.421 -0.00716012
4.422 -0.00714517
4.423 -0.00713026
4.424 -0.00711537
4.425 -0.00710051
4.426 -0.00708568
4.427 -0.00707088
4.428 -0.00705611
4.429 -0.00704137
4.43 -0.00702666
4.431 -0.00701198
4.432 -0.00699732
4.433 -0.0069827
4.434 -0.0069681
4.435 -0.00695354
4.436 -0.006939
4.437 -0.00692449
4.438 -0.00691001
4.439 -0.00689556
4.44 -0.00688114
4.441 -0.00686675
4.442 -0.00685239
4.443 -0.00683805
4.444 -0.00682374
4.445 -0.00680947
4.446 -0.00679522
4.447 -0.00678099
4.448 -0.0067668
4.449 -0.00675264
4.45 -0.0067385
4.451 -0.00672439
4.452 -0.00671031
4.453 -0.00669626
4.454 -0.00668224
4.455 -0.00666824
4.456 -0.00665427
4.457 -0.00664033
4.458 -0.00662642
4.459 -0.00661253
4.46 -0.00659868
4.461 -0.00658485
4.462 -0.00657105
4.463 -0.00655727
4.464 -0.00654353
4.465 -0.00652981
4.466 -0.00651612
4.467 -0.00650245
4.468 -0.00648882
4.469 -0.00647521
4.47 -0.00646162
4.471 -0.00644807
4.472 -0.00643454
4.473 -0.00642104
4.474 -0.00640756
4.475 -0.00639412
4.476 -0.0063807
4.477 -0.0063673
4.478 -0.00635394
4.479 -0.0063406
4.48 -0.00632729
4.481 -0.006314
4.482 -0.00630074
4.483 -0.00628751
4.484 -0.0062743
4.485 -0.00626112
4.486 -0.00624797
4.487 -0.00623484
4.488 -0.00622174
4.489 -0.00620866
4.49 -0.00619561
4.491 -0.00618259
4.492 -0.00616959
4.493 -0.00615662
4.494 -0.00614368
4.495 -0.00613076
4.496 -0.00611787
4.497 -0.006105
4.498 -0.00609216
4.499 -0.00607935
4.5 -0.00606656
4.501 -0.00605379
4.502 -0.00604106
4.503 -0.00602834
4.504 -0.00601566
4.505 -0.006003
4.506 -0.00599036
4.507 -0.00597775
4.508 -0.00596517
4.509 -0.00595261
4.51 -0.00594007
4.511 -0.00592756
4.512 -0.00591508
4.513 -0.00590262
4.514 -0.00589018
4.515 -0.00587777
4.516 -0.00586539
4.517 -0.00585303
4.518 -0.0058407
4.519 -0.00582839
4.52 -0.0058161
4.521 -0.00580384
4.522 -0.00579161
4.523 -0.0057794
4.524 -0.00576721
4.525 -0.00575505
4.526 -0.00574291
4.527 -0.0057308
4.528 -0.00571871
4.529 -0.00570665
4.53 -0.00569461
4.531 -0.00568259
4.532 -0.0056706
4.533 -0.00565864
4.534 -0.00564669
4.535 -0.00563477
4.536 -0.00562288
4.537 -0.00561101
4.538 -0.00559916
4.539 -0.00558734
4.54 -0.00557554
4.541 -0.00556376
4.542 -0.00555201
4.543 -0.00554029
4.544 -0.00552858
4.545 -0.0055169
4.546 -0.00550524
4.547 -0.00549361
4.548 -0.005482
4.549 -0.00547042
4.55 -0.00545885
4.551 -0.00544731
4.552 -0.0054358
4.553 -0.0054243
4.554 -0.00541283
4.555 -0.00540139
4.556 -0.00538996
4.557 -0.00537856
4.558 -0.00536719
4.559 -0.00535583
4.56 -0.0053445
4.561 -0.00533319
4.562 -0.00532191
4.563 -0.00531064
4.564 -0.0052994
4.565 -0.00528819
4.566 -0.00527699
4.567 -0.00526582
4.568 -0.00525467
4.569 -0.00524355
4.57 -0.00523244
4.571 -0.00522136
4.572 -0.0052103
4.573 -0.00519926
4.574 -0.00518825
4.575 -0.00517726
4.576 -0.00516629
4.577 -0.00515534
4.578 -0.00514442
4.579 -0.00513351
4.58 -0.00512263
4.581 -0.00511177
4.582 -0.00510094
4.583 -0.00509012
4.584 -0.00507933
4.585 -0.00506856
4.586 -0.00505781
4.587 -0.00504708
4.588 -0.00503637
4.589 -0.00502569
4.59 -0.00501503
4.591 -0.00500439
4.592 -0.00499377
4.593 -0.00498317
4.594 -0.0049726
4.595 -0.00496204
4.596 -0.00495151
4.597 -0.004941
4.598 -0.00493051
4.599 -0.00492004
4.6 -0.00490959
4.601 -0.00489916
4.602 -0.00488876
4.603 -0.00487837
4.604 -0.00486801
4.605 -0.00485767
4.606 -0.00484735
4.607 -0.00483705
4.608 -0.00482677
4.609 -0.00481651
4.61 -0.00480627
4.611 -0.00479606
4.612 -0.00478586
4.613 -0.00477569
4.614 -0.00476553
4.615 -0.0047554
4.616 -0.00474529
4.617 -0.0047352
4.618 -0.00472512
4.619 -0.00471507
4.62 -0.00470504
4.621 -0.00469503
4.622 -0.00468504
4.623 -0.00467507
4.624 -0.00466512
4.625 -0.0046552
4.626 -0.00464529
4.627 -0.0046354
4.628 -0.00462553
4.629 -0.00461568
4.63 -0.00460585
4.631 -0.00459605
4.632 -0.00458626
4.633 -0.00457649
4.634 -0.00456674
4.635 -0.00455701
4.636 -0.00454731
4.637 -0.00453762
4.638 -0.00452795
4.639 -0.0045183
4.64 -0.00450867
4.641 -0.00449906
4.642 -0.00448947
4.643 -0.0044799
4.644 -0.00447035
4.645 -0.00446082
4.646 -0.00445131
4.647 -0.00444182
4.648 -0.00443234
4.649 -0.00442289
4.65 -0.00441345
4.651 -0.00440404
4.652 -0.00439464
4.653 -0.00438527
4.654 -0.00437591
4.655 -0.00436657
4.656 -0.00435725
4.657 -0.00434795
4.658 -0.00433867
4.659 -0.00432941
4.66 -0.00432017
4.661 -0.00431094
4.662 -0.00430174
4.663 -0.00429255
4.664 -0.00428338
4.665 -0.00427423
4.666 -0.0042651
4.667 -0.00425599
4.668 -0.0042469
4.669 -0.00423783
4.67 -0.00422877
4.671 -0.00421973
4.672 -0.00421072
4.673 -0.00420172
4.674 -0.00419273
4.675 -0.00418377
4.676 -0.00417483
4.677 -0.0041659
4.678 -0.00415699
4.679 -0.0041481
4.68 -0.00413923
4.681 -0.00413038
4.682 -0.00412154
4.683 -0.00411273
4.684 -0.00410393
4.685 -0.00409515
4.686 -0.00408638
4.687 -0.00407764
4.688 -0.00406891
4.689 -0.0040602
4.69 -0.00405151
4.691 -0.00404284
4.692 -0.00403418
4.693 -0.00402555
4.694 -0.00401693
4.695 -0.00400832
4.696 -0.00399974
4.697 -0.00399117
4.698 -0.00398262
4.699 -0.00397409
4.7 -0.00396558
4.701 -0.00395708
4.702 -0.0039486
4.703 -0.00394014
4.704 -0.0039317
4.705 -0.00392327
4.706 -0.00391486
4.707 -0.00390647
4.708 -0.00389809
4.709 -0.00388973
4.71 -0.00388139
4.711 -0.00387307
4.712 -0.00386476
4.713 -0.00385648
4.714 -0.0038482
4.715 -0.00383995
4.716 -0.00383171
4.717 -0.00382349
4.718 -0.00381528
4.719 -0.0038071
4.72 -0.00379893
4.721 -0.00379077
4.722 -0.00378264
4.723 -0.00377452
4.724 -0.00376641
4.725 -0.00375833
4.726 -0.00375026
4.727 -0.0037422
4.728 -0.00373417
4.729 -0.00372615
4.73 -0.00371814
4.731 -0.00371016
4.732 -0.00370219
4.733 -0.00369423
4.734 -0.0036863
4.735 -0.00367837
4.736 -0.00367047
4.737 -0.00366258
4.738 -0.00365471
4.739 -0.00364685
4.74 -0.00363901
4.741 -0.00363119
4.742 -0.00362338
4.743 -0.00361559
4.744 -0.00360782
4.745 -0.00360006
4.746 -0.00359231
4.747 -0.00358459
4.748 -0.00357688
4.749 -0.00356918
4.75 -0.0035615
4.751 -0.00355384
4.752 -0.00354619
4.753 -0.00353856
4.754 -0.00353094
4.755 -0.00352334
4.756 -0.00351576
4.757 -0.00350819
4.758 -0.00350064
4.759 -0.0034931
4.76 -0.00348558
4.761 -0.00347807
4.762 -0.00347058
4.763 -0.0034631
4.764 -0.00345564
4.765 -0.0034482
4.766 -0.00344077
4.767 -0.00343336
4.768 -0.00342596
4.769 -0.00341858
4.77 -0.00341121
4.771 -0.00340386
4.772 -0.00339652
4.773 -0.0033892
4.774 -0.00338189
4.775 -0.0033746
4.776 -0.00336732
4.777 -0.00336006
4.778 -0.00335282
4.779 -0.00334558
4.78 -0.00333837
4.781 -0.00333117
4.782 -0.00332398
4.783 -0.00331681
4.784 -0.00330965
4.785 -0.00330251
4.786 -0.00329538
4.787 -0.00328827
4.788 -0.00328117
4.789 -0.00327409
4.79 -0.00326702
4.791 -0.00325997
4.792 -0.00325293
4.793 -0.00324591
4.794 -0.0032389
4.795 -0.0032319
4.796 -0.00322492
4.797 -0.00321796
4.798 -0.00321101
4.799 -0.00320407
4.8 -0.00319715
4.801 -0.00319024
4.802 -0.00318335
4.803 -0.00317647
4.804 -0.0031696
4.805 -0.00316275
4.806 -0.00315592
4.807 -0.00314909
4.808 -0.00314228
4.809 -0.00313549
4.81 -0.00312871
4.811 -0.00312195
4.812 -0.00311519
4.813 -0.00310846
4.814 -0.00310173
4.815 -0.00309502
4.816 -0.00308833
4.817 -0.00308165
4.818 -0.00307498
4.819 -0.00306833
4.82 -0.00306169
4.821 -0.00305506
4.822 -0.00304845
4.823 -0.00304185
4.824 -0.00303526
4.825 -0.00302869
4.826 -0.00302214
4.827 -0.00301559
4.828 -0.00300906
4.829 -0.00300254
4.83 -0.00299604
4.831 -0.00298955
4.832 -0.00298308
4.833 -0.00297661
4.834 -0.00297017
4.835 -0.00296373
4.836 -0.00295731
4.837 -0.0029509
4.838 -0.00294451
4.839 -0.00293812
4.84 -0.00293176
4.841 -0.0029254
4.842 -0.00291906
4.843 -0.00291273
4.844 -0.00290641
4.845 -0.00290011
4.846 -0.00289382
4.847 -0.00288755
4.848 -0.00288128
4.849 -0.00287503
4.85 -0.0028688
4.851 -0.00286257
4.852 -0.00285636
4.853 -0.00285017
4.854 -0.00284398
4.855 -0.00283781
4.856 -0.00283165
4.857 -0.0028255
4.858 -0.00281937
4.859 -0.00281325
4.86 -0.00280714
4.861 -0.00280105
4.862 -0.00279497
4.863 -0.0027889
4.864 -0.00278284
4.865 -0.0027768
4.866 -0.00277077
4.867 -0.00276475
4.868 -0.00275874
4.869 -0.00275275
4.87 -0.00274677
4.871 -0.0027408
4.872 -0.00273484
4.873 -0.0027289
4.874 -0.00272297
4.875 -0.00271705
4.876 -0.00271114
4.877 -0.00270525
4.878 -0.00269937
4.879 -0.0026935
4.88 -0.00268764
4.881 -0.0026818
4.882 -0.00267597
4.883 -0.00267015
4.884 -0.00266434
4.885 -0.00265854
4.886 -0.00265276
4.887 -0.00264699
4.888 -0.00264123
4.889 -0.00263548
4.89 -0.00262975
4.891 -0.00262402
4.892 -0.00261831
4.893 -0.00261261
4.894 -0.00260692
4.895 -0.00260125
4.896 -0.00259559
4.897 -0.00258993
4.898 -0.0025843
4.899 -0.00257867
4.9 -0.00257305
4.901 -0.00256745
4.902 -0.00256186
4.903 -0.00255627
4.904 -0.00255071
4.905 -0.00254515
4.906 -0.0025396
4.907 -0.00253407
4.908 -0.00252855
4.909 -0.00252304
4.91 -0.00251754
4.911 -0.00251205
4.912 -0.00250657
4.913 -0.00250111
4.914 -0.00249566
4.915 -0.00249022
4.916 -0.00248479
4.917 -0.00247937
4.918 -0.00247396
4.919 -0.00246856
4.92 -0.00246318
4.921 -0.00245781
4.922 -0.00245244
4.923 -0.00244709
4.924 -0.00244175
4.925 -0.00243643
4.926 -0.00243111
4.927 -0.0024258
4.928 -0.00242051
4.929 -0.00241523
4.93 -0.00240995
4.931 -0.00240469
4.932 -0.00239944
4.933 -0.0023942
4.934 -0.00238898
4.935 -0.00238376
4.936 -0.00237855
4.937 -0.00237336
4.938 -0.00236817
4.939 -0.002363
4.94 -0.00235784
4.941 -0.00235269
4.942 -0.00234755
4.943 -0.00234242
4.944 -0.0023373
4.945 -0.00233219
4.946 -0.00232709
4.947 -0.00232201
4.948 -0.00231693
4.949 -0.00231187
4.95 -0.00230681
4.951 -0.00230177
4.952 -0.00229674
4.953 -0.00229171
4.954 -0.0022867
4.955 -0.0022817
4.956 -0.00227671
4.957 -0.00227173
4.958 -0.00226676
4.959 -0.0022618
4.96 -0.00225685
4.961 -0.00225192
4.962 -0.00224699
4.963 -0.00224207
4.964 -0.00223716
4.965 -0.00223227
4.966 -0.00222738
4.967 -0.00222251
4.968 -0.00221764
4.969 -0.00221278
4.97 -0.00220794
4.971 -0.0022031
4.972 -0.00219828
4.973 -0.00219347
4.974 -0.00218866
4.975 -0.00218387
4.976 -0.00217908
4.977 -0.00217431
4.978 -0.00216955
4.979 -0.00216479
4.98 -0.00216005
4.981 -0.00215532
4.982 -0.00215059
4.983 -0.00214588
4.984 -0.00214118
4.985 -0.00213648
4.986 -0.0021318
4.987 -0.00212713
4.988 -0.00212246
4.989 -0.00211781
4.99 -0.00211316
4.991 -0.00210853
4.992 -0.00210391
4.993 -0.00209929
4.994 -0.00209469
4.995 -0.00209009
4.996 -0.00208551
4.997 -0.00208093
4.998 -0.00207637
4.999 -0.00207181
5 -0.00206726
